Time  1 - default sample rate [s]	WIV_Voltage [mV/V]	WIV_Current [mV/V]	WIV_Poten [V]	WIV_dynamometer [mV/V]
0	0.00023	-0.00061	0.06969	0.03999	
0.00500	0.00023	0.00054	0.06921	0.03995	
0.01000	0.00022	-0.00021	0.06748	0.03995	
0.01500	0.00023	-0.00089	0.06904	0.04001	
0.02000	0.00022	0.00029	0.06974	0.04001	
0.02500	0.00022	0.00027	0.06777	0.03998	
0.03000	0.00022	-0.00091	0.06823	0.03999	
0.03500	0.00023	-0.00016	0.06992	0.03997	
0.04000	0.00022	0.00054	0.06845	0.03990	
0.04500	0.00022	-0.00064	0.06764	0.03993	
0.05000	0.00023	-0.00058	0.06967	0.03997	
0.05500	0.00023	0.00057	0.06920	0.03994	
0.06000	0.00023	-0.00018	0.06744	0.03996	
0.06500	0.00022	-0.00092	0.06898	0.04002	
0.07000	0.00022	0.00023	0.06971	0.04000	
0.07500	0.00022	0.00021	0.06776	0.03994	
0.08000	0.00022	-0.00095	0.06819	0.03999	
0.08500	0.00022	-0.00019	0.06990	0.04001	
0.09000	0.00023	0.00054	0.06846	0.03997	
0.09500	0.00022	-0.00065	0.06764	0.03995	
0.1000	0.00022	-0.00066	0.06967	0.03997	
0.1050	0.00023	0.00048	0.06924	0.03995	
0.1100	0.00022	-0.00024	0.06748	0.03996	
0.1150	0.00023	-0.00092	0.06901	0.03999	
0.1200	0.00023	0.00026	0.06975	0.03997	
0.1250	0.00022	0.00026	0.06778	0.03994	
0.1300	0.00022	-0.00091	0.06819	0.04000	
0.1350	0.00023	-0.00017	0.06991	0.04001	
0.1400	0.00023	0.00056	0.06848	0.03996	
0.1450	0.00023	-0.00062	0.06764	0.03998	
0.1500	0.00023	-0.00062	0.06966	0.04001	
0.1550	0.00023	0.00054	0.06925	0.03998	
0.1600	0.00022	-0.00018	0.06749	0.03999	
0.1650	0.00022	-0.00096	0.06899	0.04002	
0.1700	0.00023	0.00017	0.06975	0.04000	
0.1750	0.00023	0.00019	0.06779	0.03996	
0.1800	0.00023	-0.00095	0.06818	0.03998	
0.1850	0.00022	-0.00021	0.06991	0.03999	
0.1900	0.00022	0.00054	0.06850	0.03997	
0.1950	0.00022	-0.00062	0.06763	0.03997	
0.2000	0.00022	-0.00065	0.06965	0.03999	
0.2050	0.00022	0.00052	0.06925	0.03996	
0.2100	0.00022	-0.00019	0.06748	0.03996	
0.2150	0.00022	-0.00092	0.06897	0.04001	
0.2200	0.00023	0.00023	0.06976	0.03997	
0.2250	0.00022	0.00026	0.06781	0.03993	
0.2300	0.00022	-0.00092	0.06818	0.03998	
0.2350	0.00022	-0.00022	0.06992	0.03999	
0.2400	0.00022	0.00053	0.06852	0.03995	
0.2450	0.00022	-0.00063	0.06763	0.03997	
0.2500	0.00022	-0.00063	0.06965	0.04002	
0.2550	0.00022	0.00054	0.06928	0.04002	
0.2600	0.00022	-0.00016	0.06749	0.03999	
0.2650	0.00023	-0.00091	0.06896	0.04000	
0.2700	0.00023	0.00021	0.06977	0.03998	
0.2750	0.00023	0.00024	0.06783	0.03994	
0.2800	0.00022	-0.00094	0.06816	0.03998	
0.2850	0.00023	-0.00026	0.06991	0.03997	
0.2900	0.00023	0.00049	0.06853	0.03995	
0.2950	0.00023	-0.00065	0.06762	0.03999	
0.3000	0.00022	-0.00067	0.06964	0.04001	
0.3050	0.00022	0.00049	0.06928	0.03995	
0.3100	0.00022	-0.00019	0.06749	0.03994	
0.3150	0.00022	-0.00091	0.06895	0.04000	
0.3200	0.00022	0.00023	0.06978	0.03999	
0.3250	0.00023	0.00030	0.06783	0.03995	
0.3300	0.00023	-0.00091	0.06815	0.03999	
0.3350	0.00023	-0.00024	0.06991	0.03999	
0.3400	0.00023	0.00053	0.06854	0.03995	
0.3450	0.00023	-0.00064	0.06762	0.03996	
0.3500	0.00023	-0.00068	0.06963	0.03998	
0.3550	0.00023	0.00050	0.06930	0.03992	
0.3600	0.00022	-0.00018	0.06749	0.03990	
0.3650	0.00023	-0.00095	0.06893	0.03997	
0.3700	0.00023	0.00018	0.06978	0.03997	
0.3750	0.00023	0.00026	0.06783	0.03994	
0.3800	0.00023	-0.00091	0.06813	0.03999	
0.3850	0.00023	-0.00022	0.06991	0.04000	
0.3900	0.00022	0.00057	0.06856	0.03996	
0.3950	0.00022	-0.00060	0.06762	0.03998	
0.4000	0.00022	-0.00069	0.06962	0.04001	
0.4050	0.00022	0.00047	0.06931	0.03998	
0.4100	0.00023	-0.00019	0.06750	0.03996	
0.4150	0.00023	-0.00093	0.06892	0.03998	
0.4200	0.00023	0.00022	0.06979	0.03995	
0.4250	0.00023	0.00030	0.06785	0.03988	
0.4300	0.00023	-0.00091	0.06813	0.03993	
0.4350	0.00023	-0.00026	0.06991	0.03996	
0.4400	0.00023	0.00053	0.06857	0.03992	
0.4450	0.00023	-0.00061	0.06761	0.03995	
0.4500	0.00022	-0.00065	0.06962	0.03999	
0.4550	0.00022	0.00054	0.06932	0.03995	
0.4600	0.00022	-0.00011	0.06750	0.03994	
0.4650	0.00023	-0.00093	0.06891	0.03996	
0.4700	0.00023	0.00020	0.06979	0.03996	
0.4750	0.00022	0.00028	0.06785	0.03993	
0.4800	0.00022	-0.00093	0.06812	0.03997	
0.4850	0.00022	-0.00029	0.06992	0.04001	
0.4900	0.00022	0.00050	0.06859	0.03997	
0.4950	0.00022	-0.00063	0.06759	0.03997	
0.5000	0.00022	-0.00068	0.06960	0.04000	
0.5050	0.00022	0.00051	0.06932	0.03995	
0.5100	0.00022	-0.00014	0.06750	0.03993	
0.5150	0.00022	-0.00096	0.06889	0.03997	
0.5200	0.00022	0.00015	0.06978	0.03997	
0.5250	0.00022	0.00025	0.06785	0.03994	
0.5300	0.00022	-0.00094	0.06809	0.03996	
0.5350	0.00023	-0.00027	0.06989	0.03996	
0.5400	0.00023	0.00054	0.06857	0.03994	
0.5450	0.00022	-0.00060	0.06758	0.03995	
0.5500	0.00023	-0.00067	0.06958	0.03999	
0.5550	0.00023	0.00052	0.06933	0.03997	
0.5600	0.00022	-0.00011	0.06749	0.03995	
0.5650	0.00022	-0.00096	0.06887	0.03999	
0.5700	0.00023	0.00014	0.06979	0.04002	
0.5750	0.00023	0.00027	0.06787	0.03998	
0.5800	0.00023	-0.00092	0.06809	0.03998	
0.5850	0.00023	-0.00027	0.06990	0.03999	
0.5900	0.00023	0.00056	0.06860	0.03995	
0.5950	0.00023	-0.00058	0.06759	0.03997	
0.6000	0.00023	-0.00071	0.06958	0.04001	
0.6050	0.00023	0.00046	0.06935	0.03994	
0.6100	0.00022	-0.00016	0.06751	0.03990	
0.6150	0.00023	-0.00095	0.06887	0.03997	
0.6200	0.00024	0.00018	0.06982	0.03998	
0.6250	0.00023	0.00032	0.06790	0.03995	
0.6300	0.00023	-0.00091	0.06809	0.04000	
0.6350	0.00023	-0.00032	0.06992	0.04001	
0.6400	0.00022	0.00050	0.06863	0.03997	
0.6450	0.00022	-0.00062	0.06759	0.03997	
0.6500	0.00022	-0.00073	0.06958	0.04001	
0.6550	0.00022	0.00046	0.06936	0.03999	
0.6600	0.00022	-0.00015	0.06751	0.03998	
0.6650	0.00022	-0.00097	0.06885	0.04004	
0.6700	0.00022	0.00013	0.06981	0.04001	
0.6750	0.00022	0.00027	0.06790	0.03995	
0.6800	0.00022	-0.00089	0.06807	0.03999	
0.6850	0.00022	-0.00023	0.06990	0.03996	
0.6900	0.00022	0.00062	0.06862	0.03991	
0.6950	0.00022	-0.00053	0.06757	0.03992	
0.7000	0.00022	-0.00074	0.06955	0.03998	
0.7050	0.00022	0.00041	0.06935	0.03995	
0.7100	0.00022	-0.00019	0.06749	0.03995	
0.7150	0.00022	-0.00095	0.06883	0.03999	
0.7200	0.00022	0.00018	0.06981	0.03999	
0.7250	0.00021	0.00035	0.06790	0.03996	
0.7300	0.00021	-0.00089	0.06806	0.04001	
0.7350	0.00022	-0.00031	0.06989	0.04001	
0.7400	0.00022	0.00053	0.06863	0.03997	
0.7450	0.00022	-0.00059	0.06756	0.03997	
0.7500	0.00022	-0.00071	0.06955	0.04000	
0.7550	0.00022	0.00049	0.06938	0.03995	
0.7600	0.00022	0.000	0.06751	0.03993	
0.7650	0.00022	-0.00093	0.06882	0.04000	
0.7700	0.00022	0.00017	0.06980	0.03998	
0.7750	0.00022	0.00035	0.06790	0.03995	
0.7800	0.00023	-0.00090	0.06803	0.04000	
0.7850	0.00023	-0.00034	0.06989	0.04001	
0.7900	0.00022	0.00050	0.06866	0.03996	
0.7950	0.00022	-0.00059	0.06757	0.03997	
0.8000	0.00022	-0.00071	0.06955	0.03997	
0.8050	0.00023	0.00051	0.06939	0.03995	
0.8100	0.00022	0.000	0.06752	0.03994	
0.8150	0.00022	-0.00093	0.06881	0.04000	
0.8200	0.00023	0.00017	0.06982	0.03998	
0.8250	0.00022	0.00035	0.06791	0.03995	
0.8300	0.00023	-0.00087	0.06803	0.03997	
0.8350	0.00023	-0.00031	0.06989	0.03999	
0.8400	0.00023	0.00054	0.06866	0.03994	
0.8450	0.00023	-0.00056	0.06755	0.03993	
0.8500	0.00023	-0.00072	0.06952	0.03997	
0.8550	0.00023	0.00048	0.06939	0.03994	
0.8600	0.00022	0.000	0.06752	0.03996	
0.8650	0.00022	-0.00093	0.06879	0.03999	
0.8700	0.00022	0.00016	0.06980	0.03998	
0.8750	0.00022	0.00035	0.06791	0.03996	
0.8800	0.00022	-0.00087	0.06799	0.03999	
0.8850	0.00022	-0.00031	0.06986	0.04000	
0.8900	0.00021	0.00056	0.06865	0.03994	
0.8950	0.00021	-0.00054	0.06753	0.03996	
0.9000	0.00022	-0.00074	0.06949	0.04000	
0.9050	0.00023	0.00046	0.06937	0.03997	
0.9100	0.00022	0.000	0.06749	0.03994	
0.9150	0.00022	-0.00095	0.06876	0.04000	
0.9200	0.00023	0.00013	0.06980	0.03997	
0.9250	0.00023	0.00034	0.06793	0.03994	
0.9300	0.00023	-0.00086	0.06800	0.03998	
0.9350	0.00023	-0.00029	0.06987	0.03999	
0.9400	0.00023	0.00059	0.06868	0.03995	
0.9450	0.00023	-0.00052	0.06755	0.03997	
0.9500	0.00023	-0.00076	0.06949	0.04000	
0.9550	0.00023	0.00042	0.06939	0.03995	
0.9600	0.00023	-0.00012	0.06750	0.03992	
0.9650	0.00023	-0.00094	0.06875	0.03999	
0.9700	0.00024	0.00016	0.06981	0.03999	
0.9750	0.00023	0.00039	0.06795	0.03993	
0.9800	0.00023	-0.00087	0.06800	0.03999	
0.9850	0.00023	-0.00037	0.06987	0.04002	
0.9900	0.00023	0.00049	0.06869	0.03997	
0.9950	0.00023	-0.00058	0.06754	0.03999	
1.000	0.00023	-0.00073	0.06949	0.04002	
1.005	0.00023	0.00049	0.06941	0.03996	
1.010	0.00023	0.000	0.06752	0.03993	
1.015	0.00023	-0.00095	0.06875	0.03999	
1.020	0.00023	0.000	0.06983	0.03998	
1.025	0.00022	0.00032	0.06797	0.03995	
1.030	0.00023	-0.00088	0.06800	0.03998	
1.035	0.00023	-0.00032	0.06988	0.04000	
1.040	0.00023	0.00059	0.06872	0.03995	
1.045	0.00023	-0.00052	0.06755	0.03997	
1.050	0.00023	-0.00078	0.06949	0.04002	
1.055	0.00023	0.00040	0.06943	0.04000	
1.060	0.00023	-0.00011	0.06754	0.03997	
1.065	0.00023	-0.00097	0.06874	0.03999	
1.070	0.00023	0.00012	0.06983	0.03996	
1.075	0.00023	0.00036	0.06799	0.03991	
1.080	0.00023	-0.00087	0.06799	0.03995	
1.085	0.00023	-0.00035	0.06987	0.03999	
1.090	0.00023	0.00054	0.06872	0.03997	
1.095	0.00022	-0.00053	0.06753	0.03998	
1.100	0.00022	-0.00077	0.06946	0.03999	
1.105	0.00023	0.00043	0.06943	0.03995	
1.110	0.00022	0.000	0.06754	0.03996	
1.115	0.00022	-0.00098	0.06873	0.04004	
1.120	0.00023	0.000	0.06985	0.04001	
1.125	0.00023	0.00034	0.06800	0.03996	
1.130	0.00022	-0.00087	0.06798	0.03998	
1.135	0.00022	-0.00035	0.06988	0.03998	
1.140	0.00023	0.00055	0.06876	0.03993	
1.145	0.00022	-0.00053	0.06754	0.03992	
1.150	0.00023	-0.00077	0.06948	0.03996	
1.155	0.00022	0.00043	0.06946	0.03995	
1.160	0.00022	0.000	0.06755	0.03995	
1.165	0.00023	-0.00098	0.06873	0.04000	
1.170	0.00023	0.000	0.06985	0.03999	
1.175	0.00022	0.00034	0.06800	0.03994	
1.180	0.00022	-0.00086	0.06796	0.04000	
1.185	0.00022	-0.00033	0.06987	0.04002	
1.190	0.00022	0.00060	0.06876	0.03997	
1.195	0.00022	-0.00049	0.06754	0.04001	
1.200	0.00022	-0.00080	0.06947	0.04005	
1.205	0.00023	0.00039	0.06946	0.03999	
1.210	0.00023	-0.00010	0.06755	0.03993	
1.215	0.00022	-0.00097	0.06872	0.03999	
1.220	0.00022	0.00011	0.06986	0.04001	
1.225	0.00023	0.00039	0.06802	0.03997	
1.230	0.00023	-0.00086	0.06796	0.04001	
1.235	0.00023	-0.00041	0.06987	0.04003	
1.240	0.00022	0.00050	0.06877	0.03996	
1.245	0.00022	-0.00053	0.06753	0.03995	
1.250	0.00023	-0.00075	0.06946	0.04000	
1.255	0.00023	0.00048	0.06947	0.03997	
1.260	0.00022	0.000	0.06755	0.03995	
1.265	0.00022	-0.00098	0.06870	0.04001	
1.270	0.00022	0.000	0.06985	0.04000	
1.275	0.00022	0.00031	0.06802	0.03996	
1.280	0.00022	-0.00088	0.06795	0.04001	
1.285	0.00023	-0.00036	0.06986	0.04003	
1.290	0.00023	0.00059	0.06878	0.03998	
1.295	0.00022	-0.00047	0.06752	0.03999	
1.300	0.00023	-0.00079	0.06944	0.04002	
1.305	0.00023	0.00041	0.06947	0.03998	
1.310	0.00023	0.000	0.06754	0.03994	
1.315	0.00023	-0.00097	0.06867	0.03999	
1.320	0.00023	0.000	0.06985	0.03998	
1.325	0.00022	0.00038	0.06804	0.03994	
1.330	0.00022	-0.00083	0.06794	0.03997	
1.335	0.00023	-0.00036	0.06986	0.03997	
1.340	0.00022	0.00057	0.06881	0.03993	
1.345	0.00022	-0.00048	0.06754	0.03996	
1.350	0.00023	-0.00083	0.06944	0.04002	
1.355	0.00023	0.00035	0.06949	0.03997	
1.360	0.00022	-0.00010	0.06756	0.03995	
1.365	0.00022	-0.00101	0.06867	0.04000	
1.370	0.00023	0.000	0.06987	0.03999	
1.375	0.00022	0.00034	0.06807	0.03995	
1.380	0.00022	-0.00087	0.06794	0.03998	
1.385	0.00022	-0.00043	0.06987	0.04002	
1.390	0.00022	0.00051	0.06882	0.03998	
1.395	0.00022	-0.00052	0.06754	0.03999	
1.400	0.00023	-0.00082	0.06943	0.04004	
1.405	0.00022	0.00037	0.06950	0.03996	
1.410	0.00022	0.000	0.06757	0.03995	
1.415	0.00023	-0.00098	0.06866	0.04000	
1.420	0.00022	0.000	0.06987	0.04000	
1.425	0.00022	0.00039	0.06808	0.03996	
1.430	0.00022	-0.00084	0.06793	0.03998	
1.435	0.00022	-0.00038	0.06988	0.04000	
1.440	0.00023	0.00059	0.06884	0.03996	
1.445	0.00022	-0.00046	0.06753	0.03994	
1.450	0.00022	-0.00079	0.06943	0.04000	
1.455	0.00022	0.00042	0.06953	0.03996	
1.460	0.00022	0.000	0.06758	0.03994	
1.465	0.00022	-0.00096	0.06867	0.04001	
1.470	0.00022	0.000	0.06989	0.04000	
1.475	0.00022	0.00039	0.06809	0.03996	
1.480	0.00022	-0.00084	0.06793	0.03998	
1.485	0.00022	-0.00041	0.06988	0.04001	
1.490	0.00022	0.00056	0.06886	0.03995	
1.495	0.00022	-0.00046	0.06752	0.03995	
1.500	0.00022	-0.00077	0.06943	0.03998	
1.505	0.00022	0.00048	0.06954	0.03997	
1.510	0.00021	0.000	0.06758	0.03994	
1.515	0.00022	-0.00094	0.06865	0.04001	
1.520	0.00022	0.000	0.06989	0.03998	
1.525	0.00022	0.00041	0.06810	0.03995	
1.530	0.00022	-0.00083	0.06792	0.03997	
1.535	0.00023	-0.00039	0.06987	0.03999	
1.540	0.00022	0.00060	0.06886	0.03996	
1.545	0.00022	-0.00043	0.06753	0.03997	
1.550	0.00022	-0.00082	0.06942	0.04002	
1.555	0.00022	0.00039	0.06954	0.04000	
1.560	0.00022	0.000	0.06758	0.03996	
1.565	0.00023	-0.00096	0.06864	0.04002	
1.570	0.00023	0.000	0.06990	0.04003	
1.575	0.00022	0.00047	0.06810	0.03997	
1.580	0.00023	-0.00081	0.06790	0.03997	
1.585	0.00023	-0.00043	0.06987	0.03998	
1.590	0.00023	0.00055	0.06888	0.03996	
1.595	0.00023	-0.00045	0.06753	0.03994	
1.600	0.00022	-0.00077	0.06941	0.04001	
1.605	0.00023	0.00048	0.06955	0.04000	
1.610	0.00023	0.000	0.06758	0.03995	
1.615	0.00023	-0.00094	0.06860	0.03998	
1.620	0.00022	0.000	0.06989	0.03999	
1.625	0.00022	0.00041	0.06812	0.03996	
1.630	0.00022	-0.00082	0.06789	0.03999	
1.635	0.00023	-0.00042	0.06986	0.03999	
1.640	0.00023	0.00058	0.06888	0.03998	
1.645	0.00022	-0.00042	0.06751	0.04000	
1.650	0.00022	-0.00083	0.06939	0.04003	
1.655	0.00022	0.00038	0.06956	0.03997	
1.660	0.00022	0.000	0.06759	0.03995	
1.665	0.00022	-0.00096	0.06859	0.03997	
1.670	0.00023	0.000	0.06990	0.03997	
1.675	0.00023	0.00045	0.06814	0.03995	
1.680	0.00022	-0.00082	0.06789	0.03997	
1.685	0.00022	-0.00047	0.06986	0.04001	
1.690	0.00022	0.00054	0.06889	0.03996	
1.695	0.00022	-0.00046	0.06751	0.03999	
1.700	0.00022	-0.00083	0.06937	0.04001	
1.705	0.00022	0.00039	0.06955	0.03999	
1.710	0.00022	0.000	0.06759	0.03997	
1.715	0.00022	-0.00096	0.06858	0.04002	
1.720	0.00022	0.000	0.06989	0.04003	
1.725	0.00022	0.00046	0.06812	0.04001	
1.730	0.00022	-0.00079	0.06786	0.04005	
1.735	0.00022	-0.00043	0.06984	0.04005	
1.740	0.00022	0.00057	0.06890	0.04000	
1.745	0.00022	-0.00041	0.06751	0.04001	
1.750	0.00022	-0.00079	0.06936	0.04004	
1.755	0.00022	0.00043	0.06956	0.04000	
1.760	0.00022	0.000	0.06759	0.03996	
1.765	0.00022	-0.00097	0.06857	0.03997	
1.770	0.00021	0.000	0.06990	0.03997	
1.775	0.00022	0.00039	0.06815	0.03995	
1.780	0.00022	-0.00082	0.06785	0.03996	
1.785	0.00022	-0.00040	0.06984	0.03998	
1.790	0.00022	0.00063	0.06892	0.03995	
1.795	0.00022	-0.00036	0.06749	0.03996	
1.800	0.00022	-0.00080	0.06934	0.03998	
1.805	0.00021	0.00042	0.06956	0.03996	
1.810	0.00022	0.000	0.06760	0.03992	
1.815	0.00022	-0.00095	0.06855	0.03998	
1.820	0.00022	0.000	0.06990	0.04000	
1.825	0.00022	0.00045	0.06815	0.03997	
1.830	0.00022	-0.00077	0.06785	0.03996	
1.835	0.00022	-0.00041	0.06985	0.04000	
1.840	0.00021	0.00062	0.06894	0.03999	
1.845	0.00022	-0.00035	0.06751	0.03998	
1.850	0.00022	-0.00081	0.06934	0.04004	
1.855	0.00022	0.00040	0.06958	0.04002	
1.860	0.00022	0.000	0.06760	0.03998	
1.865	0.00022	-0.00095	0.06854	0.04002	
1.870	0.00022	0.000	0.06990	0.04002	
1.875	0.00022	0.00047	0.06816	0.03995	
1.880	0.00023	-0.00078	0.06783	0.03996	
1.885	0.00023	-0.00045	0.06983	0.03997	
1.890	0.00022	0.00057	0.06894	0.03993	
1.895	0.00022	-0.00039	0.06749	0.03994	
1.900	0.00023	-0.00082	0.06933	0.04003	
1.905	0.00023	0.00040	0.06960	0.03999	
1.910	0.00023	0.000	0.06762	0.03995	
1.915	0.00022	-0.00095	0.06853	0.04000	
1.920	0.00022	0.000	0.06990	0.04001	
1.925	0.00022	0.00045	0.06818	0.03996	
1.930	0.00022	-0.00078	0.06783	0.03997	
1.935	0.00023	-0.00044	0.06983	0.03999	
1.940	0.00023	0.00060	0.06895	0.03996	
1.945	0.00022	-0.00036	0.06749	0.03999	
1.950	0.00022	-0.00084	0.06931	0.04002	
1.955	0.00022	0.00036	0.06960	0.03999	
1.960	0.00022	0.000	0.06762	0.03997	
1.965	0.00022	-0.00095	0.06852	0.04002	
1.970	0.00023	0.000	0.06991	0.04001	
1.975	0.00022	0.00050	0.06819	0.03997	
1.980	0.00022	-0.00076	0.06783	0.04000	
1.985	0.00023	-0.00048	0.06983	0.04001	
1.990	0.00022	0.00054	0.06897	0.03995	
1.995	0.00022	-0.00040	0.06749	0.03996	
2.000	0.00023	-0.00082	0.06930	0.04003	
2.005	0.00022	0.00040	0.06960	0.03998	
2.010	0.00023	0.00011	0.06762	0.03995	
2.015	0.00023	-0.00095	0.06850	0.04001	
2.020	0.00023	0.000	0.06990	0.04001	
2.025	0.00022	0.00044	0.06819	0.03998	
2.030	0.00022	-0.00078	0.06780	0.04000	
2.035	0.00023	-0.00044	0.06980	0.04004	
2.040	0.00023	0.00061	0.06896	0.04003	
2.045	0.00022	-0.00033	0.06748	0.04003	
2.050	0.00022	-0.00085	0.06928	0.04005	
2.055	0.00022	0.00034	0.06960	0.04004	
2.060	0.00023	0.000	0.06762	0.03996	
2.065	0.00023	-0.00095	0.06847	0.03998	
2.070	0.00023	0.000	0.06989	0.04001	
2.075	0.00022	0.00050	0.06819	0.03997	
2.080	0.00022	-0.00076	0.06778	0.03998	
2.085	0.00023	-0.00052	0.06980	0.04003	
2.090	0.00022	0.00052	0.06898	0.03998	
2.095	0.00022	-0.00040	0.06748	0.03995	
2.100	0.00022	-0.00084	0.06927	0.04000	
2.105	0.00022	0.00040	0.06960	0.03997	
2.110	0.00022	0.00014	0.06761	0.03996	
2.115	0.00023	-0.00096	0.06846	0.04002	
2.120	0.00022	0.000	0.06991	0.04001	
2.125	0.00022	0.00042	0.06822	0.03998	
2.130	0.00022	-0.00079	0.06778	0.04000	
2.135	0.00023	-0.00049	0.06980	0.04000	
2.140	0.00022	0.00058	0.06900	0.03996	
2.145	0.00022	-0.00034	0.06747	0.03996	
2.150	0.00023	-0.00084	0.06925	0.04002	
2.155	0.00023	0.00038	0.06961	0.03999	
2.160	0.00023	0.00013	0.06763	0.03997	
2.165	0.00023	-0.00094	0.06846	0.04000	
2.170	0.00023	0.000	0.06991	0.04002	
2.175	0.00023	0.00048	0.06823	0.03997	
2.180	0.00023	-0.00075	0.06778	0.03999	
2.185	0.00023	-0.00048	0.06980	0.04004	
2.190	0.00023	0.00059	0.06901	0.04000	
2.195	0.00022	-0.00033	0.06748	0.03998	
2.200	0.00022	-0.00087	0.06926	0.04001	
2.205	0.00023	0.00031	0.06964	0.03999	
2.210	0.00023	0.000	0.06765	0.03995	
2.215	0.00023	-0.00099	0.06845	0.04003	
2.220	0.00023	0.000	0.06992	0.04003	
2.225	0.00023	0.00046	0.06826	0.03997	
2.230	0.00023	-0.00075	0.06779	0.04001	
2.235	0.00023	-0.00048	0.06980	0.04004	
2.240	0.00023	0.00060	0.06903	0.04000	
2.245	0.00022	-0.00032	0.06748	0.04000	
2.250	0.00023	-0.00091	0.06922	0.04003	
2.255	0.00022	0.00020	0.06962	0.04002	
2.260	0.00023	0.000	0.06767	0.03998	
2.265	0.00022	-0.00106	0.06844	0.04000	
2.270	0.00023	-0.00015	0.06992	0.04000	
2.275	0.00022	0.00037	0.06828	0.03995	
2.280	0.00022	-0.00082	0.06779	0.03997	
2.285	0.00022	-0.00056	0.06980	0.04001	
2.290	0.00023	0.00052	0.06904	0.04000	
2.295	0.00022	-0.00036	0.06750	0.03996	
2.300	0.00023	-0.00089	0.06923	0.03996	
2.305	0.00022	0.00030	0.06965	0.03995	
2.310	0.00022	0.000	0.06767	0.03994	
2.315	0.00023	-0.00097	0.06842	0.03996	
2.320	0.00022	0.000	0.06991	0.03996	
2.325	0.00023	0.00048	0.06828	0.03992	
2.330	0.00022	-0.00074	0.06778	0.03995	
2.335	0.00022	-0.00053	0.06979	0.03998	
2.340	0.00022	0.00052	0.06906	0.03993	
2.345	0.00022	-0.00036	0.06750	0.03995	
2.350	0.00023	-0.00086	0.06923	0.04002	
2.355	0.00023	0.00036	0.06965	0.03999	
2.360	0.00022	0.00015	0.06767	0.03997	
2.365	0.00022	-0.00096	0.06841	0.04001	
2.370	0.00023	0.000	0.06992	0.03999	
2.375	0.00023	0.00045	0.06829	0.03996	
2.380	0.00023	-0.00075	0.06776	0.03998	
2.385	0.00023	-0.00052	0.06978	0.04000	
2.390	0.00023	0.00056	0.06906	0.03995	
2.395	0.00023	-0.00032	0.06749	0.03992	
2.400	0.00023	-0.00089	0.06920	0.03999	
2.405	0.00023	0.00028	0.06965	0.03997	
2.410	0.00023	0.000	0.06767	0.03993	
2.415	0.00022	-0.00098	0.06840	0.03997	
2.420	0.00023	0.000	0.06991	0.03998	
2.425	0.00022	0.00048	0.06830	0.03992	
2.430	0.00022	-0.00074	0.06776	0.03996	
2.435	0.00023	-0.00055	0.06978	0.03999	
2.440	0.00023	0.00052	0.06907	0.03997	
2.445	0.00023	-0.00035	0.06748	0.03999	
2.450	0.00023	-0.00087	0.06919	0.04002	
2.455	0.00023	0.00034	0.06966	0.04000	
2.460	0.00023	0.00016	0.06768	0.03999	
2.465	0.00023	-0.00094	0.06839	0.04003	
2.470	0.00023	0.000	0.06991	0.04003	
2.475	0.00023	0.00051	0.06830	0.04002	
2.480	0.00022	-0.00072	0.06774	0.04004	
2.485	0.00023	-0.00056	0.06976	0.04006	
2.490	0.00022	0.00051	0.06908	0.04000	
2.495	0.00023	-0.00035	0.06748	0.03997	
2.500	0.00023	-0.00089	0.06917	0.04000	
2.505	0.00023	0.00030	0.06967	0.03997	
2.510	0.00022	0.00012	0.06769	0.03995	
2.515	0.00022	-0.00097	0.06838	0.04002	
2.520	0.00022	0.000	0.06992	0.04001	
2.525	0.00022	0.00049	0.06832	0.03998	
2.530	0.00022	-0.00072	0.06774	0.04001	
2.535	0.00022	-0.00053	0.06977	0.04002	
2.540	0.00023	0.00057	0.06910	0.03996	
2.545	0.00023	-0.00028	0.06749	0.03995	
2.550	0.00023	-0.00089	0.06917	0.04003	
2.555	0.00023	0.00029	0.06967	0.03998	
2.560	0.00023	0.00012	0.06769	0.03995	
2.565	0.00023	-0.00095	0.06835	0.03999	
2.570	0.00023	0.000	0.06991	0.03997	
2.575	0.00022	0.00053	0.06832	0.03995	
2.580	0.00023	-0.00071	0.06771	0.03997	
2.585	0.00024	-0.00059	0.06973	0.03999	
2.590	0.00023	0.00050	0.06909	0.03992	
2.595	0.00022	-0.00033	0.06748	0.03990	
2.600	0.00023	-0.00086	0.06916	0.03997	
2.605	0.00023	0.00037	0.06968	0.03997	
2.610	0.00022	0.00023	0.06770	0.03993	
2.615	0.00022	-0.00095	0.06835	0.03997	
2.620	0.00024	-0.00018	0.06992	0.03998	
2.625	0.00023	0.00041	0.06835	0.03994	
2.630	0.00023	-0.00078	0.06773	0.03998	
2.635	0.00023	-0.00059	0.06975	0.04003	
2.640	0.00023	0.00052	0.06911	0.03999	
2.645	0.00023	-0.00030	0.06748	0.03997	
2.650	0.00023	-0.00089	0.06915	0.04001	
2.655	0.00024	0.00030	0.06970	0.03998	
2.660	0.00023	0.00016	0.06772	0.03993	
2.665	0.00023	-0.00093	0.06834	0.03999	
2.670	0.00023	0.000	0.06993	0.04000	
2.675	0.00023	0.00053	0.06836	0.03995	
2.680	0.00023	-0.00069	0.06771	0.03995	
2.685	0.00023	-0.00059	0.06974	0.04000	
2.690	0.00023	0.00052	0.06911	0.03998	
2.695	0.00023	-0.00030	0.06746	0.03995	
2.700	0.00022	-0.00088	0.06911	0.03998	
2.705	0.00022	0.00033	0.06969	0.03999	
2.710	0.00022	0.00022	0.06771	0.03993	
2.715	0.00022	-0.00094	0.06832	0.03998	
2.720	0.00023	-0.00015	0.06992	0.03999	
2.725	0.00022	0.00047	0.06837	0.03995	
2.730	0.00022	-0.00072	0.06771	0.03997	
2.735	0.00023	-0.00056	0.06974	0.04001	
2.740	0.00023	0.00057	0.06915	0.03999	
2.745	0.00023	-0.00026	0.06748	0.03998	
2.750	0.00023	-0.00090	0.06911	0.04001	
2.755	0.00023	0.00027	0.06971	0.04001	
2.760	0.00022	0.00017	0.06773	0.03998	
2.765	0.00023	-0.00096	0.06831	0.04000	
2.770	0.00023	-0.00014	0.06992	0.03999	
2.775	0.00024	0.00050	0.06838	0.03997	
2.780	0.00023	-0.00070	0.06769	0.03999	
2.785	0.00023	-0.00060	0.06973	0.04001	
2.790	0.00023	0.00052	0.06916	0.03998	
2.795	0.00023	-0.00028	0.06748	0.03996	
2.800	0.00024	-0.00091	0.06911	0.03998	
2.805	0.00023	0.00028	0.06972	0.03994	
2.810	0.00022	0.00020	0.06773	0.03994	
2.815	0.00023	-0.00092	0.06829	0.03997	
2.820	0.00023	-0.00010	0.06993	0.04000	
2.825	0.00023	0.00055	0.06841	0.03998	
2.830	0.00023	-0.00067	0.06770	0.04000	
2.835	0.00024	-0.00061	0.06974	0.04004	
2.840	0.00023	0.00051	0.06918	0.04003	
2.845	0.00023	-0.00027	0.06749	0.04001	
2.850	0.00023	-0.00088	0.06910	0.04004	
2.855	0.00023	0.00033	0.06973	0.04000	
2.860	0.00023	0.00026	0.06775	0.03995	
2.865	0.00022	-0.00092	0.06829	0.04002	
2.870	0.00023	-0.00016	0.06993	0.04002	
2.875	0.00023	0.00049	0.06842	0.03998	
2.880	0.00023	-0.00069	0.06769	0.03998	
2.885	0.00023	-0.00059	0.06971	0.04002	
2.890	0.00023	0.00055	0.06918	0.03999	
2.895	0.00022	-0.00023	0.06749	0.03997	
2.900	0.00022	-0.00092	0.06908	0.04001	
2.905	0.00023	0.00025	0.06973	0.03997	
2.910	0.00022	0.00018	0.06775	0.03994	
2.915	0.00022	-0.00095	0.06828	0.04004	
2.920	0.00023	-0.00014	0.06993	0.04004	
2.925	0.00022	0.00055	0.06843	0.03997	
2.930	0.00022	-0.00066	0.06768	0.03999	
2.935	0.00022	-0.00059	0.06970	0.04002	
2.940	0.00023	0.00055	0.06918	0.04000	
2.945	0.00022	-0.00023	0.06747	0.03999	
2.950	0.00023	-0.00089	0.06906	0.04003	
2.955	0.00023	0.00029	0.06973	0.04000	
2.960	0.00022	0.00023	0.06775	0.03997	
2.965	0.00022	-0.00093	0.06826	0.04002	
2.970	0.00023	-0.00017	0.06992	0.04001	
2.975	0.00022	0.00051	0.06843	0.03998	
2.980	0.00022	-0.00067	0.06767	0.04001	
2.985	0.00023	-0.00059	0.06970	0.04004	
2.990	0.00023	0.00057	0.06921	0.03998	
2.995	0.00023	-0.00020	0.06749	0.03994	
3.000	0.00023	-0.00092	0.06907	0.04001	
3.005	0.00022	0.00023	0.06975	0.04000	
3.010	0.00022	0.00019	0.06777	0.03997	
3.015	0.00022	-0.00093	0.06824	0.04001	
3.020	0.00023	-0.00014	0.06993	0.04002	
3.025	0.00023	0.00056	0.06845	0.03998	
3.030	0.00023	-0.00064	0.06767	0.04001	
3.035	0.00023	-0.00060	0.06970	0.04004	
3.040	0.00022	0.00055	0.06922	0.03998	
3.045	0.00022	-0.00020	0.06748	0.04000	
3.050	0.00023	-0.00089	0.06903	0.04006	
3.055	0.00024	0.00028	0.06973	0.04004	
3.060	0.00023	0.00026	0.06777	0.04001	
3.065	0.00023	-0.00092	0.06823	0.04006	
3.070	0.00022	-0.00017	0.06992	0.04005	
3.075	0.00022	0.00053	0.06845	0.03998	
3.080	0.00022	-0.00065	0.06765	0.03997	
3.085	0.00022	-0.00059	0.06968	0.03999	
3.090	0.00022	0.00058	0.06921	0.03997	
3.095	0.00022	-0.00016	0.06747	0.03997	
3.100	0.00022	-0.00090	0.06902	0.04004	
3.105	0.00023	0.00025	0.06973	0.04003	
3.110	0.00023	0.00024	0.06777	0.03997	
3.115	0.00023	-0.00094	0.06822	0.03999	
3.120	0.00022	-0.00022	0.06992	0.04001	
3.125	0.00022	0.00049	0.06847	0.03997	
3.130	0.00022	-0.00066	0.06764	0.03999	
3.135	0.00023	-0.00059	0.06967	0.04003	
3.140	0.00022	0.00059	0.06923	0.04000	
3.145	0.00022	-0.00015	0.06747	0.04000	
3.150	0.00023	-0.00092	0.06901	0.04004	
3.155	0.00022	0.00021	0.06975	0.04002	
3.160	0.00023	0.00020	0.06779	0.03996	
3.165	0.00022	-0.00094	0.06821	0.04003	
3.170	0.00022	-0.00018	0.06992	0.04004	
3.175	0.00023	0.00055	0.06849	0.03998	
3.180	0.00023	-0.00065	0.06765	0.04002	
3.185	0.00022	-0.00065	0.06968	0.04007	
3.190	0.00022	0.00051	0.06925	0.04001	
3.195	0.00022	-0.00022	0.06749	0.03999	
3.200	0.00023	-0.00090	0.06901	0.04005	
3.205	0.00023	0.00029	0.06976	0.04004	
3.210	0.00023	0.00032	0.06779	0.04002	
3.215	0.00022	-0.00091	0.06820	0.04005	
3.220	0.00022	-0.00024	0.06992	0.04001	
3.225	0.00022	0.00048	0.06849	0.03994	
3.230	0.00023	-0.00068	0.06764	0.03999	
3.235	0.00023	-0.00064	0.06966	0.04004	
3.240	0.00023	0.00054	0.06925	0.03998	
3.245	0.00022	-0.00018	0.06748	0.03997	
3.250	0.00023	-0.00092	0.06898	0.04006	
3.255	0.00023	0.00023	0.06976	0.04004	
3.260	0.00022	0.00026	0.06781	0.03998	
3.265	0.00022	-0.00093	0.06819	0.03999	
3.270	0.00023	-0.00021	0.06993	0.04003	
3.275	0.00023	0.00053	0.06851	0.04002	
3.280	0.00022	-0.00064	0.06763	0.04000	
3.285	0.00023	-0.00065	0.06965	0.04002	
3.290	0.00023	0.00053	0.06926	0.04000	
3.295	0.00023	-0.00019	0.06749	0.03996	
3.300	0.00022	-0.00094	0.06898	0.04001	
3.305	0.00022	0.00021	0.06976	0.03998	
3.310	0.00022	0.00025	0.06781	0.03996	
3.315	0.00022	-0.00091	0.06817	0.04003	
3.320	0.00022	-0.00016	0.06992	0.04003	
3.325	0.00023	0.00061	0.06853	0.03998	
3.330	0.00022	-0.00059	0.06763	0.04002	
3.335	0.00023	-0.00067	0.06964	0.04003	
3.340	0.00023	0.00049	0.06927	0.04001	
3.345	0.00023	-0.00020	0.06748	0.04001	
3.350	0.00023	-0.00090	0.06896	0.04006	
3.355	0.00023	0.00029	0.06977	0.04002	
3.360	0.00023	0.00035	0.06782	0.04000	
3.365	0.00023	-0.00090	0.06816	0.04002	
3.370	0.00023	-0.00026	0.06991	0.04002	
3.375	0.00023	0.00049	0.06853	0.03998	
3.380	0.00023	-0.00065	0.06762	0.04000	
3.385	0.00023	-0.00063	0.06965	0.04008	
3.390	0.00023	0.00057	0.06929	0.04004	
3.395	0.00022	-0.00012	0.06749	0.03999	
3.400	0.00023	-0.00092	0.06896	0.04002	
3.405	0.00023	0.00020	0.06978	0.04000	
3.410	0.00023	0.00026	0.06783	0.03997	
3.415	0.00023	-0.00092	0.06814	0.04003	
3.420	0.00023	-0.00022	0.06992	0.04003	
3.425	0.00023	0.00055	0.06855	0.03997	
3.430	0.00023	-0.00061	0.06761	0.03999	
3.435	0.00023	-0.00066	0.06963	0.04003	
3.440	0.00023	0.00053	0.06930	0.03999	
3.445	0.00023	-0.00015	0.06748	0.04000	
3.450	0.00023	-0.00093	0.06894	0.04007	
3.455	0.00022	0.00019	0.06979	0.04005	
3.460	0.00022	0.00027	0.06784	0.03998	
3.465	0.00022	-0.00091	0.06814	0.03999	
3.470	0.00023	-0.00021	0.06992	0.04002	
3.475	0.00022	0.00059	0.06856	0.03999	
3.480	0.00022	-0.00059	0.06760	0.04002	
3.485	0.00023	-0.00069	0.06961	0.04007	
3.490	0.00023	0.00048	0.06930	0.04003	
3.495	0.00022	-0.00017	0.06748	0.03999	
3.500	0.00023	-0.00092	0.06891	0.04002	
3.505	0.00023	0.00025	0.06978	0.04001	
3.510	0.00022	0.00034	0.06784	0.03997	
3.515	0.00023	-0.00090	0.06812	0.04000	
3.520	0.00023	-0.00028	0.06991	0.04001	
3.525	0.00023	0.00051	0.06856	0.03998	
3.530	0.00023	-0.00062	0.06759	0.04000	
3.535	0.00023	-0.00066	0.06959	0.04005	
3.540	0.00023	0.00055	0.06930	0.04001	
3.545	0.00022	-0.00010	0.06747	0.03997	
3.550	0.00022	-0.00089	0.06890	0.03999	
3.555	0.00023	0.00025	0.06979	0.03999	
3.560	0.00023	0.00035	0.06786	0.03997	
3.565	0.00023	-0.00088	0.06812	0.04003	
3.570	0.00023	-0.00026	0.06992	0.04003	
3.575	0.00023	0.00053	0.06859	0.04002	
3.580	0.00022	-0.00060	0.06759	0.04003	
3.585	0.00023	-0.00066	0.06960	0.04003	
3.590	0.00023	0.00053	0.06932	0.04000	
3.595	0.00023	-0.00011	0.06750	0.04002	
3.600	0.00023	-0.00091	0.06889	0.04007	
3.605	0.00023	0.00021	0.06979	0.04005	
3.610	0.00023	0.00031	0.06787	0.04002	
3.615	0.00023	-0.00091	0.06810	0.04003	
3.620	0.00023	-0.00030	0.06990	0.04007	
3.625	0.00022	0.00049	0.06859	0.04003	
3.630	0.00022	-0.00062	0.06759	0.04000	
3.635	0.00022	-0.00066	0.06959	0.04004	
3.640	0.00023	0.00053	0.06934	0.04000	
3.645	0.00022	0.000	0.06751	0.03997	
3.650	0.00023	-0.00095	0.06888	0.04004	
3.655	0.00023	0.00014	0.06980	0.04004	
3.660	0.00023	0.00025	0.06789	0.03997	
3.665	0.00023	-0.00093	0.06810	0.04000	
3.670	0.00023	-0.00026	0.06990	0.04001	
3.675	0.00023	0.00056	0.06860	0.04000	
3.680	0.00023	-0.00058	0.06759	0.04003	
3.685	0.00023	-0.00071	0.06958	0.04006	
3.690	0.00023	0.00048	0.06934	0.04004	
3.695	0.00023	-0.00014	0.06749	0.04002	
3.700	0.00022	-0.00094	0.06885	0.04006	
3.705	0.00023	0.00018	0.06980	0.04001	
3.710	0.00023	0.00032	0.06788	0.03998	
3.715	0.00023	-0.00088	0.06807	0.04002	
3.720	0.00023	-0.00025	0.06990	0.04006	
3.725	0.00023	0.00059	0.06862	0.04002	
3.730	0.00023	-0.00054	0.06758	0.04001	
3.735	0.00024	-0.00071	0.06957	0.04005	
3.740	0.00023	0.00048	0.06935	0.04004	
3.745	0.00023	-0.00012	0.06749	0.04002	
3.750	0.00023	-0.00095	0.06885	0.04006	
3.755	0.00023	0.00016	0.06981	0.04001	
3.760	0.00023	0.00032	0.06789	0.03998	
3.765	0.00023	-0.00089	0.06806	0.04003	
3.770	0.00022	-0.00028	0.06990	0.04004	
3.775	0.00023	0.00055	0.06863	0.03999	
3.780	0.00023	-0.00057	0.06757	0.04003	
3.785	0.00023	-0.00072	0.06956	0.04008	
3.790	0.00024	0.00048	0.06936	0.04003	
3.795	0.00023	-0.00011	0.06750	0.04000	
3.800	0.00023	-0.00096	0.06884	0.04002	
3.805	0.00023	0.00015	0.06982	0.04001	
3.810	0.00022	0.00030	0.06791	0.03999	
3.815	0.00022	-0.00090	0.06806	0.04006	
3.820	0.00023	-0.00027	0.06990	0.04005	
3.825	0.00023	0.00059	0.06864	0.04000	
3.830	0.00023	-0.00054	0.06755	0.04000	
3.835	0.00023	-0.00069	0.06955	0.04003	
3.840	0.00023	0.00052	0.06937	0.04000	
3.845	0.00022	0.000	0.06750	0.03999	
3.850	0.00023	-0.00093	0.06882	0.04004	
3.855	0.00023	0.00015	0.06981	0.04001	
3.860	0.00023	0.00033	0.06790	0.04002	
3.865	0.00023	-0.00087	0.06804	0.04008	
3.870	0.00023	-0.00026	0.06990	0.04007	
3.875	0.00023	0.00061	0.06867	0.04003	
3.880	0.00022	-0.00053	0.06758	0.04004	
3.885	0.00022	-0.00079	0.06955	0.04007	
3.890	0.00023	0.00035	0.06938	0.04003	
3.895	0.00023	-0.00021	0.06751	0.04001	
3.900	0.00023	-0.00101	0.06882	0.04005	
3.905	0.00023	0.00011	0.06984	0.04004	
3.910	0.00023	0.00030	0.06794	0.04000	
3.915	0.00023	-0.00089	0.06805	0.04004	
3.920	0.00023	-0.00028	0.06990	0.04003	
3.925	0.00023	0.00059	0.06867	0.03998	
3.930	0.00023	-0.00053	0.06756	0.04001	
3.935	0.00023	-0.00073	0.06953	0.04007	
3.940	0.00023	0.00048	0.06939	0.04001	
3.945	0.00023	0.000	0.06749	0.03999	
3.950	0.00023	-0.00095	0.06879	0.04003	
3.955	0.00023	0.00014	0.06981	0.04001	
3.960	0.00023	0.00034	0.06791	0.03996	
3.965	0.00023	-0.00089	0.06801	0.04000	
3.970	0.00023	-0.00031	0.06988	0.04003	
3.975	0.00023	0.00057	0.06867	0.04000	
3.980	0.00023	-0.00053	0.06755	0.04000	
3.985	0.00023	-0.00069	0.06952	0.04005	
3.990	0.00023	0.00054	0.06940	0.03998	
3.995	0.00023	0.000	0.06752	0.03997	
4.000	0.00023	-0.00095	0.06878	0.04006	
4.005	0.00023	0.00010	0.06984	0.04003	
4.010	0.00023	0.00031	0.06795	0.03998	
4.015	0.00023	-0.00090	0.06802	0.04002	
4.020	0.00024	-0.00032	0.06989	0.04003	
4.025	0.00023	0.00057	0.06870	0.03998	
4.030	0.00023	-0.00053	0.06754	0.04000	
4.035	0.00023	-0.00076	0.06949	0.04008	
4.040	0.00023	0.00044	0.06940	0.04004	
4.045	0.00023	0.000	0.06751	0.04000	
4.050	0.00023	-0.00096	0.06876	0.04006	
4.055	0.00022	0.00015	0.06983	0.04008	
4.060	0.00022	0.00038	0.06795	0.04004	
4.065	0.00022	-0.00085	0.06799	0.04005	
4.070	0.00023	-0.00031	0.06988	0.04004	
4.075	0.00022	0.00059	0.06870	0.04000	
4.080	0.00022	-0.00052	0.06754	0.04000	
4.085	0.00023	-0.00076	0.06949	0.04003	
4.090	0.00023	0.00044	0.06941	0.03999	
4.095	0.00022	0.000	0.06752	0.03996	
4.100	0.00023	-0.00096	0.06875	0.04005	
4.105	0.00023	0.00013	0.06983	0.04007	
4.110	0.00023	0.00038	0.06795	0.04002	
4.115	0.00022	-0.00086	0.06798	0.04004	
4.120	0.00023	-0.00033	0.06989	0.04007	
4.125	0.00023	0.00056	0.06872	0.04001	
4.130	0.00022	-0.00052	0.06753	0.04003	
4.135	0.00022	-0.00074	0.06948	0.04006	
4.140	0.00023	0.00048	0.06941	0.03999	
4.145	0.00023	0.000	0.06751	0.03999	
4.150	0.00023	-0.00096	0.06874	0.04002	
4.155	0.00023	0.000	0.06984	0.03999	
4.160	0.00022	0.00034	0.06798	0.03994	
4.165	0.00023	-0.00088	0.06799	0.04001	
4.170	0.00023	-0.00033	0.06989	0.04003	
4.175	0.00023	0.00059	0.06874	0.03999	
4.180	0.00023	-0.00049	0.06755	0.04001	
4.185	0.00023	-0.00078	0.06949	0.04007	
4.190	0.00023	0.00040	0.06944	0.04005	
4.195	0.00022	-0.00011	0.06753	0.04000	
4.200	0.00022	-0.00098	0.06873	0.04006	
4.205	0.00022	0.00012	0.06985	0.04005	
4.210	0.00023	0.00039	0.06799	0.04000	
4.215	0.00023	-0.00083	0.06797	0.04004	
4.220	0.00023	-0.00030	0.06988	0.04004	
4.225	0.00022	0.00064	0.06875	0.04002	
4.230	0.00022	-0.00045	0.06753	0.04004	
4.235	0.00023	-0.00078	0.06948	0.04007	
4.240	0.00023	0.00041	0.06945	0.04003	
4.245	0.00023	0.000	0.06753	0.04000	
4.250	0.00023	-0.00098	0.06872	0.04005	
4.255	0.00023	0.00011	0.06986	0.04002	
4.260	0.00022	0.00038	0.06800	0.03996	
4.265	0.00021	-0.00084	0.06797	0.03998	
4.270	0.00022	-0.00032	0.06989	0.03998	
4.275	0.00022	0.00061	0.06877	0.03996	
4.280	0.00022	-0.00047	0.06753	0.03999	
4.285	0.00023	-0.00076	0.06948	0.04006	
4.290	0.00023	0.00046	0.06947	0.04004	
4.295	0.00022	0.000	0.06754	0.03999	
4.300	0.00023	-0.00096	0.06871	0.04004	
4.305	0.00023	0.000	0.06987	0.04003	
4.310	0.00023	0.00037	0.06802	0.04000	
4.315	0.00023	-0.00086	0.06797	0.04003	
4.320	0.00023	-0.00037	0.06989	0.04004	
4.325	0.00022	0.00055	0.06879	0.04000	
4.330	0.00023	-0.00049	0.06754	0.03999	
4.335	0.00023	-0.00072	0.06947	0.04002	
4.340	0.00023	0.00052	0.06947	0.03999	
4.345	0.00023	0.000	0.06755	0.03996	
4.350	0.00023	-0.00095	0.06870	0.04002	
4.355	0.00023	0.000	0.06987	0.04003	
4.360	0.00023	0.00035	0.06803	0.03998	
4.365	0.00023	-0.00086	0.06796	0.04000	
4.370	0.00022	-0.00036	0.06988	0.04002	
4.375	0.00022	0.00059	0.06879	0.03999	
4.380	0.00023	-0.00047	0.06752	0.04002	
4.385	0.00023	-0.00074	0.06944	0.04004	
4.390	0.00022	0.00049	0.06948	0.04001	
4.395	0.00022	0.000	0.06755	0.04000	
4.400	0.00023	-0.00094	0.06868	0.04002	
4.405	0.00023	0.000	0.06987	0.04000	
4.410	0.00023	0.00039	0.06805	0.03997	
4.415	0.00023	-0.00085	0.06794	0.04003	
4.420	0.00023	-0.00037	0.06988	0.04004	
4.425	0.00023	0.00058	0.06880	0.03997	
4.430	0.00023	-0.00046	0.06752	0.03997	
4.435	0.00023	-0.00073	0.06942	0.04001	
4.440	0.00023	0.00051	0.06947	0.04000	
4.445	0.00022	0.000	0.06754	0.04000	
4.450	0.00023	-0.00096	0.06866	0.04007	
4.455	0.00023	0.000	0.06987	0.04005	
4.460	0.00022	0.00033	0.06805	0.03999	
4.465	0.00022	-0.00087	0.06792	0.04003	
4.470	0.00023	-0.00039	0.06986	0.04004	
4.475	0.00023	0.00056	0.06880	0.03998	
4.480	0.00023	-0.00047	0.06751	0.03999	
4.485	0.00023	-0.00074	0.06942	0.04005	
4.490	0.00023	0.00052	0.06949	0.04002	
4.495	0.00022	0.000	0.06755	0.04000	
4.500	0.00022	-0.00094	0.06865	0.04004	
4.505	0.00023	0.000	0.06987	0.04004	
4.510	0.00023	0.00037	0.06804	0.03997	
4.515	0.00023	-0.00085	0.06790	0.04001	
4.520	0.00022	-0.00038	0.06986	0.04005	
4.525	0.00023	0.00060	0.06882	0.04000	
4.530	0.00022	-0.00043	0.06751	0.03998	
4.535	0.00023	-0.00078	0.06941	0.04000	
4.540	0.00023	0.00043	0.06951	0.03995	
4.545	0.00022	0.000	0.06755	0.03996	
4.550	0.00022	-0.00095	0.06863	0.04002	
4.555	0.00022	0.00010	0.06987	0.04000	
4.560	0.00022	0.00047	0.06807	0.03997	
4.565	0.00022	-0.00080	0.06790	0.04003	
4.570	0.00023	-0.00041	0.06986	0.04007	
4.575	0.00023	0.00055	0.06884	0.04002	
4.580	0.00022	-0.00046	0.06752	0.04001	
4.585	0.00023	-0.00078	0.06941	0.04005	
4.590	0.00023	0.00046	0.06952	0.04000	
4.595	0.00022	0.000	0.06756	0.03996	
4.600	0.00023	-0.00092	0.06862	0.04004	
4.605	0.00022	0.00011	0.06987	0.04004	
4.610	0.00022	0.00048	0.06808	0.04001	
4.615	0.00022	-0.00081	0.06789	0.04004	
4.620	0.00022	-0.00045	0.06986	0.04003	
4.625	0.00022	0.00052	0.06886	0.03999	
4.630	0.00022	-0.00048	0.06751	0.03998	
4.635	0.00022	-0.00078	0.06938	0.04002	
4.640	0.00022	0.00045	0.06951	0.04003	
4.645	0.00022	0.000	0.06754	0.03998	
4.650	0.00023	-0.00092	0.06857	0.03999	
4.655	0.00022	0.000	0.06984	0.03999	
4.660	0.00022	0.00045	0.06807	0.03998	
4.665	0.00023	-0.00082	0.06785	0.04001	
4.670	0.00023	-0.00046	0.06983	0.04002	
4.675	0.00022	0.00050	0.06885	0.03997	
4.680	0.00022	-0.00049	0.06749	0.03999	
4.685	0.00022	-0.00082	0.06937	0.04001	
4.690	0.00022	0.00041	0.06953	0.03998	
4.695	0.00022	0.000	0.06756	0.03998	
4.700	0.00022	-0.00094	0.06858	0.04003	
4.705	0.00022	0.000	0.06987	0.04000	
4.710	0.00022	0.00046	0.06809	0.03999	
4.715	0.00022	-0.00080	0.06786	0.04000	
4.720	0.00023	-0.00046	0.06984	0.04001	
4.725	0.00022	0.00052	0.06887	0.03999	
4.730	0.00022	-0.00047	0.06749	0.03999	
4.735	0.00023	-0.00078	0.06935	0.04000	
4.740	0.00023	0.00047	0.06952	0.03995	
4.745	0.00023	0.000	0.06755	0.03996	
4.750	0.00023	-0.00095	0.06856	0.04002	
4.755	0.00024	0	0.06987	0.04001	
4.760	0.00023	0.00039	0.06811	0.03997	
4.765	0.00023	-0.00083	0.06785	0.04000	
4.770	0.00023	-0.00043	0.06983	0.04002	
4.775	0.00023	0.00059	0.06888	0.03996	
4.780	0.00023	-0.00041	0.06749	0.03995	
4.785	0.00023	-0.00084	0.06934	0.04000	
4.790	0.00023	0.00036	0.06953	0.03999	
4.795	0.00022	0.000	0.06756	0.04000	
4.800	0.00022	-0.00096	0.06855	0.04003	
4.805	0.00023	0.000	0.06988	0.04000	
4.810	0.00023	0.00047	0.06812	0.03998	
4.815	0.00023	-0.00078	0.06784	0.04002	
4.820	0.00023	-0.00041	0.06982	0.04002	
4.825	0.00022	0.00060	0.06890	0.03997	
4.830	0.00022	-0.00039	0.06749	0.03997	
4.835	0.00022	-0.00080	0.06933	0.04004	
4.840	0.00022	0.00040	0.06955	0.04002	
4.845	0.00022	0.000	0.06759	0.03999	
4.850	0.00022	-0.00098	0.06856	0.04001	
4.855	0.00023	0.000	0.06989	0.04002	
4.860	0.00022	0.00039	0.06814	0.03996	
4.865	0.00022	-0.00081	0.06784	0.03997	
4.870	0.00022	-0.00042	0.06982	0.04001	
4.875	0.00022	0.00061	0.06892	0.03996	
4.880	0.00022	-0.00037	0.06750	0.03996	
4.885	0.00022	-0.00085	0.06933	0.04001	
4.890	0.00023	0.00034	0.06954	0.03999	
4.895	0.00022	0.000	0.06755	0.03994	
4.900	0.00022	-0.00099	0.06851	0.04000	
4.905	0.00022	0.000	0.06986	0.04000	
4.910	0.00022	0.00045	0.06811	0.03995	
4.915	0.00022	-0.00079	0.06779	0.04001	
4.920	0.00022	-0.00042	0.06978	0.04002	
4.925	0.00022	0.00061	0.06889	0.03998	
4.930	0.00023	-0.00036	0.06746	0.04000	
4.935	0.00023	-0.00084	0.06928	0.04003	
4.940	0.00022	0.00035	0.06954	0.03999	
4.945	0.00022	0.000	0.06758	0.03996	
4.950	0.00022	-0.00098	0.06851	0.04000	
4.955	0.00023	0	0.06987	0.04001	
4.960	0.00023	0.00045	0.06814	0.03999	
4.965	0.00023	-0.00079	0.06782	0.04004	
4.970	0.00023	-0.00047	0.06981	0.04006	
4.975	0.00023	0.00054	0.06892	0.04001	
4.980	0.00022	-0.00041	0.06747	0.03999	
4.985	0.00023	-0.00081	0.06928	0.04003	
4.990	0.00022	0.00042	0.06955	0.03999	
4.995	0.00022	0.00011	0.06758	0.03999	
5.000	0.00022	-0.00097	0.06847	0.04005	
5.005	0.00022	0.000	0.06987	0.04004	
5.010	0.00022	0.00040	0.06815	0.03999	
5.015	0.00022	-0.00081	0.06779	0.04002	
5.020	0.00023	-0.00047	0.06977	0.04005	
5.025	0.00022	0.00058	0.06892	0.04001	
5.030	0.00022	-0.00037	0.06747	0.03998	
5.035	0.00022	-0.00081	0.06928	0.04001	
5.040	0.00023	0.00041	0.06958	0.04001	
5.045	0.00023	0.00012	0.06762	0.03999	
5.050	0.00023	-0.00097	0.06849	0.04004	
5.055	0.00023	0.000	0.06989	0.04001	
5.060	0.00022	0.00039	0.06818	0.03999	
5.065	0.00022	-0.00081	0.06779	0.04002	
5.070	0.00022	-0.00047	0.06979	0.04002	
5.075	0.00022	0.00057	0.06896	0.03995	
5.080	0.00022	-0.00036	0.06748	0.03997	
5.085	0.00022	-0.00081	0.06927	0.04005	
5.090	0.00022	0.00042	0.06958	0.04002	
5.095	0.00022	0.00014	0.06761	0.03999	
5.100	0.00022	-0.00095	0.06848	0.04002	
5.105	0.00023	0.000	0.06988	0.04004	
5.110	0.00022	0.00043	0.06820	0.04001	
5.115	0.00022	-0.00079	0.06779	0.04003	
5.120	0.00022	-0.00047	0.06979	0.04003	
5.125	0.00022	0.00059	0.06897	0.04000	
5.130	0.00022	-0.00035	0.06748	0.04000	
5.135	0.00022	-0.00085	0.06926	0.04003	
5.140	0.00022	0.00033	0.06960	0.04000	
5.145	0.00022	0.000	0.06762	0.03996	
5.150	0.00022	-0.00097	0.06847	0.03999	
5.155	0.00022	0.000	0.06990	0.03999	
5.160	0.00022	0.00048	0.06821	0.03995	
5.165	0.00022	-0.00077	0.06778	0.04000	
5.170	0.00022	-0.00051	0.06979	0.04002	
5.175	0.00022	0.00053	0.06899	0.03997	
5.180	0.00021	-0.00039	0.06748	0.04000	
5.185	0.00022	-0.00083	0.06926	0.04004	
5.190	0.00023	0.00040	0.06961	0.03999	
5.195	0.00023	0.00015	0.06763	0.03998	
5.200	0.00023	-0.00094	0.06845	0.04001	
5.205	0.00023	0.000	0.06989	0.04003	
5.210	0.00022	0.00047	0.06822	0.03998	
5.215	0.00022	-0.00075	0.06778	0.03999	
5.220	0.00022	-0.00047	0.06978	0.04004	
5.225	0.00022	0.00060	0.06900	0.04001	
5.230	0.00022	-0.00033	0.06748	0.03999	
5.235	0.00022	-0.00087	0.06924	0.04000	
5.240	0.00023	0.00032	0.06961	0.03996	
5.245	0.00023	0.000	0.06763	0.03995	
5.250	0.00023	-0.00095	0.06844	0.04000	
5.255	0.00022	0	0.06990	0.03998	
5.260	0.00022	0.00052	0.06824	0.03996	
5.265	0.00022	-0.00073	0.06777	0.04001	
5.270	0.00022	-0.00052	0.06978	0.04001	
5.275	0.00022	0.00054	0.06901	0.03999	
5.280	0.00022	-0.00036	0.06747	0.04000	
5.285	0.00023	-0.00084	0.06921	0.04004	
5.290	0.00022	0.00038	0.06961	0.04001	
5.295	0.00021	0.00014	0.06764	0.03998	
5.300	0.00022	-0.00094	0.06843	0.04002	
5.305	0.00023	0.000	0.06990	0.04001	
5.310	0.00023	0.00051	0.06826	0.03997	
5.315	0.00022	-0.00072	0.06776	0.03999	
5.320	0.00023	-0.00050	0.06978	0.04002	
5.325	0.00022	0.00058	0.06903	0.03995	
5.330	0.00022	-0.00032	0.06747	0.03996	
5.335	0.00022	-0.00089	0.06921	0.03999	
5.340	0.00023	0.00030	0.06962	0.03996	
5.345	0.00023	0.000	0.06764	0.03993	
5.350	0.00024	-0.00096	0.06840	0.04000	
5.355	0.00024	0.000	0.06991	0.04001	
5.360	0.00023	0.00051	0.06826	0.03998	
5.365	0.00023	-0.00074	0.06774	0.03999	
5.370	0.00023	-0.00058	0.06976	0.04001	
5.375	0.00023	0.00048	0.06903	0.03996	
5.380	0.00023	-0.00039	0.06747	0.03999	
5.385	0.00023	-0.00089	0.06919	0.04005	
5.390	0.00023	0.00032	0.06963	0.04000	
5.395	0.00023	0.00012	0.06765	0.03995	
5.400	0.00023	-0.00094	0.06839	0.04002	
5.405	0.00023	0.000	0.06989	0.04000	
5.410	0.00023	0.00052	0.06827	0.03996	
5.415	0.00023	-0.00071	0.06773	0.04002	
5.420	0.00023	-0.00048	0.06975	0.04005	
5.425	0.00023	0.00061	0.06904	0.04002	
5.430	0.00023	-0.00028	0.06747	0.04001	
5.435	0.00024	-0.00082	0.06917	0.04001	
5.440	0.00024	0.00040	0.06963	0.03997	
5.445	0.00023	0.00020	0.06766	0.03994	
5.450	0.00023	-0.00093	0.06837	0.03999	
5.455	0.00023	0.000	0.06989	0.04002	
5.460	0.00023	0.00052	0.06829	0.03996	
5.465	0.00022	-0.00071	0.06773	0.03998	
5.470	0.00023	-0.00048	0.06975	0.04001	
5.475	0.00023	0.00063	0.06906	0.03997	
5.480	0.00022	-0.00026	0.06748	0.03995	
5.485	0.00023	-0.00088	0.06918	0.04000	
5.490	0.00023	0.00029	0.06966	0.04000	
5.495	0.00023	0.00012	0.06768	0.03999	
5.500	0.00023	-0.00097	0.06837	0.04002	
5.505	0.00024	0.000	0.06991	0.04000	
5.510	0.00023	0.00048	0.06830	0.03992	
5.515	0.00023	-0.00074	0.06773	0.03994	
5.520	0.00023	-0.00057	0.06976	0.03998	
5.525	0.00023	0.00054	0.06909	0.03996	
5.530	0.00023	-0.00032	0.06747	0.03995	
5.535	0.00023	-0.00086	0.06916	0.03999	
5.540	0.00023	0.00036	0.06967	0.03996	
5.545	0.00023	0.00020	0.06768	0.03995	
5.550	0.00023	-0.00092	0.06836	0.03998	
5.555	0.00023	0.000	0.06991	0.04000	
5.560	0.00023	0.00053	0.06831	0.03998	
5.565	0.00023	-0.00069	0.06772	0.04000	
5.570	0.00023	-0.00051	0.06975	0.04002	
5.575	0.00023	0.00061	0.06909	0.03998	
5.580	0.00023	-0.00025	0.06747	0.03998	
5.585	0.00023	-0.00086	0.06914	0.04004	
5.590	0.00023	0.00034	0.06966	0.04000	
5.595	0.00023	0.00020	0.06769	0.03995	
5.600	0.00023	-0.00093	0.06835	0.04001	
5.605	0.00024	0.000	0.06992	0.04001	
5.610	0.00024	0.00052	0.06835	0.03995	
5.615	0.00023	-0.00070	0.06772	0.03995	
5.620	0.00023	-0.00054	0.06975	0.03998	
5.625	0.00023	0.00058	0.06912	0.03996	
5.630	0.00023	-0.00027	0.06748	0.03998	
5.635	0.00024	-0.00089	0.06914	0.04000	
5.640	0.00024	0.00030	0.06969	0.03996	
5.645	0.00023	0.00016	0.06770	0.03994	
5.650	0.00023	-0.00093	0.06833	0.03998	
5.655	0.00023	0.000	0.06991	0.03997	
5.660	0.00023	0.00056	0.06834	0.03994	
5.665	0.00023	-0.00067	0.06770	0.03995	
5.670	0.00023	-0.00056	0.06974	0.03997	
5.675	0.00023	0.00055	0.06912	0.03993	
5.680	0.00022	-0.00028	0.06746	0.03994	
5.685	0.00023	-0.00088	0.06911	0.04001	
5.690	0.00023	0.00033	0.06968	0.03999	
5.695	0.00022	0.00020	0.06770	0.03998	
5.700	0.00023	-0.00093	0.06832	0.04003	
5.705	0.00023	-0.00010	0.06992	0.04001	
5.710	0.00023	0.00053	0.06836	0.03996	
5.715	0.00022	-0.00069	0.06770	0.03998	
5.720	0.00023	-0.00057	0.06973	0.03999	
5.725	0.00022	0.00054	0.06914	0.03996	
5.730	0.00022	-0.00027	0.06747	0.03999	
5.735	0.00023	-0.00085	0.06911	0.04004	
5.740	0.00023	0.00036	0.06969	0.04000	
5.745	0.00023	0.00027	0.06771	0.03996	
5.750	0.00023	-0.00091	0.06830	0.04002	
5.755	0.00023	-0.00013	0.06991	0.04001	
5.760	0.00023	0.00050	0.06836	0.03995	
5.765	0.00023	-0.00069	0.06768	0.03995	
5.770	0.00023	-0.00055	0.06971	0.03997	
5.775	0.00023	0.00059	0.06914	0.03995	
5.780	0.00023	-0.00023	0.06746	0.03996	
5.785	0.00023	-0.00090	0.06909	0.04001	
5.790	0.00023	0.00028	0.06970	0.04000	
5.795	0.00023	0.00018	0.06772	0.03995	
5.800	0.00024	-0.00093	0.06829	0.03999	
5.805	0.00023	0.000	0.06990	0.04001	
5.810	0.00023	0.00057	0.06837	0.03996	
5.815	0.00023	-0.00067	0.06767	0.03997	
5.820	0.00023	-0.00062	0.06971	0.04000	
5.825	0.00023	0.00050	0.06915	0.03997	
5.830	0.00023	-0.00029	0.06747	0.03994	
5.835	0.00023	-0.00090	0.06909	0.04001	
5.840	0.00023	0.00031	0.06970	0.04000	
5.845	0.00023	0.00023	0.06772	0.03997	
5.850	0.00023	-0.00090	0.06828	0.04002	
5.855	0.00023	0.000	0.06992	0.04003	
5.860	0.00023	0.00058	0.06840	0.03996	
5.865	0.00023	-0.00065	0.06767	0.03997	
5.870	0.00023	-0.00062	0.06971	0.04000	
5.875	0.00023	0.00049	0.06916	0.03994	
5.880	0.00023	-0.00029	0.06745	0.03993	
5.885	0.00023	-0.00090	0.06904	0.03998	
5.890	0.00023	0.00031	0.06968	0.03996	
5.895	0.00023	0.00024	0.06770	0.03996	
5.900	0.00022	-0.00093	0.06824	0.04000	
5.905	0.00023	-0.00017	0.06990	0.04000	
5.910	0.00022	0.00050	0.06838	0.03994	
5.915	0.00022	-0.00069	0.06764	0.03997	
5.920	0.00023	-0.00057	0.06968	0.04002	
5.925	0.00023	0.00060	0.06916	0.04000	
5.930	0.00023	-0.00020	0.06745	0.03998	
5.935	0.00022	-0.00091	0.06905	0.04004	
5.940	0.00022	0.00026	0.06971	0.04002	
5.945	0.00022	0.00020	0.06773	0.03996	
5.950	0.00023	-0.00092	0.06826	0.03998	
5.955	0.00023	-0.00011	0.06992	0.03999	
5.960	0.00022	0.00059	0.06842	0.03995	
5.965	0.00022	-0.00064	0.06766	0.03996	
5.970	0.00023	-0.00065	0.06970	0.04001	
5.975	0.00023	0.00046	0.06919	0.03999	
5.980	0.00022	-0.00031	0.06747	0.03999	
5.985	0.00023	-0.00092	0.06905	0.04004	
5.990	0.00023	0.00029	0.06973	0.04001	
5.995	0.00023	0.00025	0.06774	0.03995	
6.000	0.00023	-0.00092	0.06824	0.03999	
6.005	0.00022	-0.00016	0.06992	0.04001	
6.010	0.00023	0.00054	0.06845	0.03998	
6.015	0.00023	-0.00065	0.06767	0.03998	
6.020	0.00022	-0.00060	0.06970	0.04003	
6.025	0.00022	0.00053	0.06921	0.03999	
6.030	0.00022	-0.00023	0.06748	0.03997	
6.035	0.00022	-0.00088	0.06904	0.04001	
6.040	0.00022	0.00031	0.06973	0.03998	
6.045	0.00022	0.00027	0.06777	0.03995	
6.050	0.00023	-0.00092	0.06823	0.03998	
6.055	0.00023	-0.00019	0.06991	0.03999	
6.060	0.00023	0.00052	0.06844	0.03997	
6.065	0.00022	-0.00066	0.06764	0.03999	
6.070	0.00023	-0.00060	0.06967	0.04000	
6.075	0.00023	0.00055	0.06921	0.03994	
6.080	0.00022	-0.00020	0.06747	0.03994	
6.085	0.00023	-0.00092	0.06901	0.04002	
6.090	0.00023	0.00025	0.06972	0.04002	
6.095	0.00022	0.00024	0.06775	0.03998	
6.100	0.00022	-0.00093	0.06820	0.04001	
6.105	0.00023	-0.00020	0.06990	0.04001	
6.110	0.00023	0.00052	0.06844	0.03999	
6.115	0.00022	-0.00066	0.06762	0.03999	
6.120	0.00023	-0.00061	0.06964	0.04004	
6.125	0.00023	0.00054	0.06920	0.04001	
6.130	0.00023	-0.00019	0.06747	0.03998	
6.135	0.00023	-0.00093	0.06899	0.04001	
6.140	0.00023	0.00021	0.06973	0.03999	
6.145	0.00022	0.00019	0.06777	0.03994	
6.150	0.00023	-0.00096	0.06820	0.03998	
6.155	0.00023	-0.00019	0.06990	0.04001	
6.160	0.00023	0.00054	0.06846	0.03997	
6.165	0.00023	-0.00064	0.06762	0.04000	
6.170	0.00023	-0.00061	0.06966	0.04005	
6.175	0.00023	0.00056	0.06923	0.04000	
6.180	0.00023	-0.00017	0.06748	0.03997	
6.185	0.00023	-0.00093	0.06899	0.04001	
6.190	0.00023	0.00020	0.06975	0.03997	
6.195	0.00023	0.00020	0.06779	0.03994	
6.200	0.00023	-0.00095	0.06820	0.03997	
6.205	0.00023	-0.00020	0.06992	0.03998	
6.210	0.00023	0.00055	0.06849	0.03999	
6.215	0.00023	-0.00062	0.06763	0.04003	
6.220	0.00023	-0.00064	0.06965	0.04004	
6.225	0.00023	0.00052	0.06924	0.04000	
6.230	0.00023	-0.00019	0.06747	0.03999	
6.235	0.00023	-0.00092	0.06899	0.04003	
6.240	0.00023	0.00023	0.06977	0.03999	
6.245	0.00023	0.00026	0.06780	0.03997	
6.250	0.00024	-0.00093	0.06818	0.04000	
6.255	0.00024	-0.00021	0.06992	0.04000	
6.260	0.00023	0.00054	0.06851	0.03995	
6.265	0.00023	-0.00063	0.06763	0.04001	
6.270	0.00022	-0.00065	0.06965	0.04005	
6.275	0.00023	0.00051	0.06925	0.04001	
6.280	0.00022	-0.00019	0.06747	0.03999	
6.285	0.00023	-0.00091	0.06897	0.04003	
6.290	0.00023	0.00026	0.06978	0.04000	
6.295	0.00023	0.00031	0.06781	0.03996	
6.300	0.00022	-0.00092	0.06817	0.04000	
6.305	0.00023	-0.00026	0.06992	0.04002	
6.310	0.00022	0.00048	0.06852	0.03996	
6.315	0.00023	-0.00067	0.06762	0.03999	
6.320	0.00023	-0.00066	0.06963	0.04004	
6.325	0.00023	0.00053	0.06926	0.03999	
6.330	0.00023	-0.00016	0.06747	0.03997	
6.335	0.00022	-0.00093	0.06895	0.04003	
6.340	0.00022	0.00021	0.06977	0.04001	
6.345	0.00022	0.00026	0.06780	0.03999	
6.350	0.00023	-0.00091	0.06814	0.04002	
6.355	0.00023	-0.00020	0.06990	0.04001	
6.360	0.00023	0.00057	0.06851	0.03996	
6.365	0.00023	-0.00059	0.06759	0.03997	
6.370	0.00022	-0.00066	0.06961	0.04002	
6.375	0.00023	0.00051	0.06926	0.04001	
6.380	0.00023	-0.00017	0.06745	0.03999	
6.385	0.00023	-0.00091	0.06892	0.04004	
6.390	0.00023	0.00026	0.06976	0.04002	
6.395	0.00023	0.00033	0.06781	0.03997	
6.400	0.00023	-0.00089	0.06813	0.04004	
6.405	0.00024	-0.00022	0.06990	0.04004	
6.410	0.00023	0.00056	0.06852	0.04000	
6.415	0.00022	-0.00060	0.06759	0.04002	
6.420	0.00023	-0.00065	0.06961	0.04005	
6.425	0.00023	0.00053	0.06928	0.04001	
6.430	0.00022	-0.00014	0.06746	0.03998	
6.435	0.00023	-0.00092	0.06891	0.04005	
6.440	0.00023	0.00022	0.06978	0.04004	
6.445	0.00022	0.00030	0.06782	0.04001	
6.450	0.00022	-0.00089	0.06812	0.04003	
6.455	0.00023	-0.00020	0.06991	0.04001	
6.460	0.00023	0.00061	0.06855	0.03999	
6.465	0.00023	-0.00056	0.06759	0.04001	
6.470	0.00023	-0.00068	0.06962	0.04004	
6.475	0.00023	0.00049	0.06930	0.03999	
6.480	0.00022	-0.00016	0.06747	0.03999	
6.485	0.00022	-0.00091	0.06891	0.04003	
6.490	0.00023	0.00026	0.06979	0.04000	
6.495	0.00023	0.00037	0.06784	0.03995	
6.500	0.00022	-0.00088	0.06811	0.04000	
6.505	0.00023	-0.00027	0.06991	0.04002	
6.510	0.00022	0.00052	0.06857	0.03999	
6.515	0.00022	-0.00062	0.06759	0.04000	
6.520	0.00022	-0.00067	0.06961	0.04002	
6.525	0.00023	0.00054	0.06932	0.03997	
6.530	0.00023	-0.00011	0.06748	0.03997	
6.535	0.00023	-0.00091	0.06891	0.04000	
6.540	0.00023	0.00023	0.06981	0.03999	
6.545	0.00022	0.00034	0.06785	0.03995	
6.550	0.00023	-0.00087	0.06810	0.03998	
6.555	0.00023	-0.00021	0.06992	0.03998	
6.560	0.00023	0.00062	0.06859	0.03996	
6.565	0.00023	-0.00055	0.06758	0.03998	
6.570	0.00023	-0.00068	0.06960	0.04002	
6.575	0.00024	0.00051	0.06933	0.04000	
6.580	0.00023	-0.00014	0.06747	0.04001	
6.585	0.00024	-0.00091	0.06887	0.04002	
6.590	0.00024	0.00026	0.06979	0.04002	
6.595	0.00023	0.00039	0.06785	0.03999	
6.600	0.00023	-0.00085	0.06808	0.04001	
6.605	0.00023	-0.00023	0.06990	0.04001	
6.610	0.00023	0.00058	0.06859	0.03994	
6.615	0.00023	-0.00055	0.06758	0.03997	
6.620	0.00023	-0.00064	0.06958	0.04002	
6.625	0.00023	0.00056	0.06933	0.03997	
6.630	0.00022	0.000	0.06748	0.03997	
6.635	0.00023	-0.00092	0.06887	0.04004	
6.640	0.00022	0.00018	0.06980	0.04001	
6.645	0.00022	0.00032	0.06788	0.03994	
6.650	0.00022	-0.00090	0.06809	0.04000	
6.655	0.00023	-0.00029	0.06989	0.04004	
6.660	0.00023	0.00052	0.06860	0.03998	
6.665	0.00023	-0.00060	0.06756	0.03995	
6.670	0.00023	-0.00068	0.06956	0.03999	
6.675	0.00022	0.00053	0.06932	0.03995	
6.680	0.00022	0.000	0.06748	0.03994	
6.685	0.00023	-0.00095	0.06885	0.03999	
6.690	0.00022	0.00013	0.06980	0.03997	
6.695	0.00023	0.00027	0.06788	0.03996	
6.700	0.00023	-0.00091	0.06806	0.04001	
6.705	0.00023	-0.00027	0.06989	0.04002	
6.710	0.00023	0.00058	0.06862	0.03997	
6.715	0.00022	-0.00055	0.06757	0.04000	
6.720	0.00023	-0.00065	0.06956	0.04002	
6.725	0.00023	0.00057	0.06935	0.03995	
6.730	0.00022	0.000	0.06748	0.03994	
6.735	0.00023	-0.00095	0.06884	0.03998	
6.740	0.00023	0.00013	0.06981	0.03997	
6.745	0.00022	0.00028	0.06789	0.03994	
6.750	0.00023	-0.00093	0.06805	0.03996	
6.755	0.00023	-0.00030	0.06989	0.03997	
6.760	0.00023	0.00055	0.06862	0.03994	
6.765	0.00023	-0.00056	0.06756	0.03996	
6.770	0.00022	-0.00068	0.06955	0.04001	
6.775	0.00022	0.00052	0.06936	0.04000	
6.780	0.00022	0.000	0.06749	0.03996	
6.785	0.00022	-0.00095	0.06883	0.04000	
6.790	0.00023	0.00015	0.06982	0.03998	
6.795	0.00022	0.00032	0.06790	0.03994	
6.800	0.00023	-0.00088	0.06805	0.04000	
6.805	0.00023	-0.00027	0.06991	0.04002	
6.810	0.00023	0.00060	0.06866	0.03998	
6.815	0.00023	-0.00054	0.06757	0.03999	
6.820	0.00023	-0.00073	0.06955	0.04001	
6.825	0.00023	0.00047	0.06938	0.03997	
6.830	0.00022	-0.00010	0.06750	0.03995	
6.835	0.00024	-0.00094	0.06882	0.04000	
6.840	0.00024	0.00017	0.06982	0.03999	
6.845	0.00024	0.00036	0.06792	0.03996	
6.850	0.00024	-0.00086	0.06804	0.03999	
6.855	0.00024	-0.00027	0.06990	0.03999	
6.860	0.00023	0.00060	0.06867	0.03996	
6.865	0.00022	-0.00052	0.06756	0.04000	
6.870	0.00023	-0.00071	0.06954	0.04004	
6.875	0.00023	0.00050	0.06939	0.03999	
6.880	0.00022	0.000	0.06750	0.03997	
6.885	0.00023	-0.00093	0.06878	0.04000	
6.890	0.00023	0.00016	0.06981	0.03997	
6.895	0.00023	0.00036	0.06793	0.03995	
6.900	0.00022	-0.00088	0.06803	0.04000	
6.905	0.00022	-0.00033	0.06990	0.04001	
6.910	0.00022	0.00053	0.06867	0.03995	
6.915	0.00021	-0.00056	0.06755	0.03997	
6.920	0.00022	-0.00072	0.06952	0.04000	
6.925	0.00023	0.00049	0.06939	0.03998	
6.930	0.00022	0.000	0.06750	0.03996	
6.935	0.00023	-0.00092	0.06878	0.04002	
6.940	0.00023	0.00018	0.06982	0.04000	
6.945	0.00022	0.00039	0.06793	0.03993	
6.950	0.00022	-0.00087	0.06801	0.03997	
6.955	0.00023	-0.00034	0.06988	0.04001	
6.960	0.00023	0.00053	0.06868	0.03994	
6.965	0.00023	-0.00055	0.06754	0.03994	
6.970	0.00023	-0.00073	0.06951	0.04001	
6.975	0.00023	0.00046	0.06941	0.03998	
6.980	0.00023	0.000	0.06752	0.03997	
6.985	0.00023	-0.00095	0.06877	0.04004	
6.990	0.00023	0.00014	0.06983	0.03999	
6.995	0.00023	0.00035	0.06796	0.03994	
7.000	0.00023	-0.00086	0.06802	0.03998	
7.005	0.00023	-0.00029	0.06989	0.03999	
7.010	0.00023	0.00060	0.06870	0.03996	
7.015	0.00022	-0.00051	0.06754	0.03999	
7.020	0.00022	-0.00077	0.06951	0.04004	
7.025	0.00023	0.00041	0.06942	0.03998	
7.030	0.00023	-0.00012	0.06752	0.03995	
7.035	0.00023	-0.00095	0.06876	0.04002	
7.040	0.00023	0.00017	0.06983	0.04001	
7.045	0.00023	0.00042	0.06795	0.03995	
7.050	0.00023	-0.00085	0.06799	0.03998	
7.055	0.00023	-0.00035	0.06988	0.04000	
7.060	0.00023	0.00054	0.06871	0.03999	
7.065	0.00022	-0.00054	0.06754	0.03999	
7.070	0.00022	-0.00072	0.06948	0.04002	
7.075	0.00022	0.00051	0.06941	0.03999	
7.080	0.00022	0.000	0.06749	0.03997	
7.085	0.00022	-0.00092	0.06873	0.03999	
7.090	0.00021	0.00016	0.06982	0.03997	
7.095	0.00022	0.00040	0.06796	0.03994	
7.100	0.00022	-0.00086	0.06797	0.03997	
7.105	0.00023	-0.00035	0.06987	0.03996	
7.110	0.00023	0.00054	0.06872	0.03993	
7.115	0.00022	-0.00053	0.06753	0.03998	
7.120	0.00022	-0.00072	0.06948	0.04002	
7.125	0.00022	0.00051	0.06942	0.03998	
7.130	0.00022	0.000	0.06752	0.03998	
7.135	0.00023	-0.00096	0.06873	0.04002	
7.140	0.00023	0.000	0.06984	0.03999	
7.145	0.00023	0.00034	0.06797	0.03994	
7.150	0.00022	-0.00088	0.06797	0.03996	
7.155	0.00022	-0.00035	0.06988	0.03998	
7.160	0.00023	0.00057	0.06873	0.03996	
7.165	0.00023	-0.00051	0.06753	0.03998	
7.170	0.00023	-0.00075	0.06949	0.04002	
7.175	0.00022	0.00046	0.06945	0.04001	
7.180	0.00022	0.000	0.06753	0.03999	
7.185	0.00022	-0.00093	0.06873	0.04004	
7.190	0.00023	0.00015	0.06985	0.04001	
7.195	0.00022	0.00042	0.06800	0.03997	
7.200	0.00022	-0.00085	0.06796	0.04000	
7.205	0.00022	-0.00042	0.06987	0.04001	
7.210	0.00022	0.00047	0.06876	0.03996	
7.215	0.00022	-0.00057	0.06752	0.03995	
7.220	0.00022	-0.00079	0.06944	0.04002	
7.225	0.00022	0.00042	0.06943	0.04001	
7.230	0.00022	0.000	0.06752	0.03997	
7.235	0.00023	-0.00097	0.06869	0.04002	
7.240	0.00023	0.000	0.06984	0.04000	
7.245	0.00022	0.00035	0.06801	0.03998	
7.250	0.00022	-0.00088	0.06795	0.04002	
7.255	0.00023	-0.00040	0.06986	0.04005	
7.260	0.00023	0.00051	0.06876	0.04001	
7.265	0.00023	-0.00053	0.06752	0.03999	
7.270	0.00023	-0.00077	0.06945	0.04001	
7.275	0.00023	0.00044	0.06946	0.03999	
7.280	0.00023	0.000	0.06753	0.03999	
7.285	0.00023	-0.00096	0.06870	0.04002	
7.290	0.00023	0.000	0.06986	0.04001	
7.295	0.00023	0.00037	0.06802	0.03998	
7.300	0.00023	-0.00085	0.06794	0.04002	
7.305	0.00023	-0.00038	0.06986	0.04004	
7.310	0.00023	0.00056	0.06877	0.03999	
7.315	0.00022	-0.00049	0.06752	0.04001	
7.320	0.00023	-0.00078	0.06945	0.04008	
7.325	0.00023	0.00042	0.06947	0.04002	
7.330	0.00023	0.000	0.06753	0.03998	
7.335	0.00023	-0.00096	0.06868	0.04001	
7.340	0.00023	0.000	0.06985	0.03997	
7.345	0.00023	0.00039	0.06802	0.03996	
7.350	0.00022	-0.00085	0.06792	0.04000	
7.355	0.00023	-0.00040	0.06986	0.04001	
7.360	0.00023	0.00053	0.06880	0.03996	
7.365	0.00023	-0.00051	0.06752	0.03998	
7.370	0.00023	-0.00077	0.06942	0.04003	
7.375	0.00023	0.00046	0.06948	0.03996	
7.380	0.00023	0.000	0.06754	0.03995	
7.385	0.00023	-0.00095	0.06867	0.04002	
7.390	0.00024	0.000	0.06987	0.04001	
7.395	0.00023	0.00039	0.06803	0.03994	
7.400	0.00023	-0.00082	0.06790	0.03996	
7.405	0.00023	-0.00034	0.06984	0.03998	
7.410	0.00023	0.00061	0.06879	0.03997	
7.415	0.00022	-0.00043	0.06749	0.03998	
7.420	0.00023	-0.00078	0.06940	0.04001	
7.425	0.00024	0.00042	0.06947	0.03996	
7.430	0.00023	0.000	0.06753	0.03995	
7.435	0.00024	-0.00095	0.06864	0.04001	
7.440	0.00023	0.000	0.06986	0.04000	
7.445	0.00022	0.00042	0.06805	0.03995	
7.450	0.00023	-0.00082	0.06791	0.04002	
7.455	0.00023	-0.00038	0.06985	0.04005	
7.460	0.00023	0.00059	0.06879	0.03999	
7.465	0.00022	-0.00044	0.06749	0.03998	
7.470	0.00023	-0.00080	0.06940	0.03998	
7.475	0.00023	0.00041	0.06948	0.03995	
7.480	0.00022	0.000	0.06753	0.03995	
7.485	0.00022	-0.00095	0.06862	0.04001	
7.490	0.00022	0.000	0.06984	0.03999	
7.495	0.00023	0.00042	0.06804	0.03995	
7.500	0.00022	-0.00082	0.06788	0.04000	
7.505	0.00023	-0.00042	0.06983	0.04003	
7.510	0.00023	0.00053	0.06881	0.03999	
7.515	0.00022	-0.00048	0.06750	0.03998	
7.520	0.00022	-0.00080	0.06940	0.04002	
7.525	0.00023	0.00042	0.06951	0.03999	
7.530	0.00023	0.000	0.06755	0.03996	
7.535	0.00023	-0.00094	0.06863	0.04000	
7.540	0.00023	0.000	0.06986	0.03998	
7.545	0.00022	0.00045	0.06807	0.03995	
7.550	0.00022	-0.00082	0.06789	0.03999	
7.555	0.00023	-0.00045	0.06985	0.04001	
7.560	0.00023	0.00050	0.06884	0.04001	
7.565	0.00023	-0.00050	0.06749	0.04000	
7.570	0.00022	-0.00080	0.06937	0.04002	
7.575	0.00023	0.00043	0.06950	0.03998	
7.580	0.00023	0.000	0.06755	0.03995	
7.585	0.00023	-0.00097	0.06859	0.04001	
7.590	0.00022	0.000	0.06986	0.04003	
7.595	0.00022	0.00040	0.06807	0.03997	
7.600	0.00022	-0.00083	0.06788	0.03999	
7.605	0.00023	-0.00041	0.06985	0.04001	
7.610	0.00023	0.00058	0.06885	0.03996	
7.615	0.00022	-0.00042	0.06749	0.03996	
7.620	0.00023	-0.00077	0.06937	0.04001	
7.625	0.00023	0.00045	0.06951	0.03998	
7.630	0.00023	0.000	0.06756	0.03995	
7.635	0.00023	-0.00092	0.06859	0.03999	
7.640	0.00023	0.000	0.06986	0.03996	
7.645	0.00023	0.00046	0.06807	0.03992	
7.650	0.00023	-0.00079	0.06786	0.03995	
7.655	0.00023	-0.00041	0.06984	0.03999	
7.660	0.00023	0.00058	0.06886	0.03996	
7.665	0.00022	-0.00042	0.06749	0.03996	
7.670	0.00023	-0.00077	0.06936	0.03998	
7.675	0.00023	0.00046	0.06952	0.03995	
7.680	0.00023	0.000	0.06755	0.03994	
7.685	0.00023	-0.00092	0.06857	0.04001	
7.690	0.00023	0.000	0.06986	0.04000	
7.695	0.00023	0.00045	0.06809	0.03996	
7.700	0.00023	-0.00079	0.06786	0.03997	
7.705	0.00023	-0.00042	0.06984	0.03998	
7.710	0.00023	0.00058	0.06886	0.03993	
7.715	0.00022	-0.00041	0.06748	0.03996	
7.720	0.00023	-0.00077	0.06935	0.04001	
7.725	0.00023	0.00046	0.06953	0.03999	
7.730	0.00023	0.000	0.06755	0.03999	
7.735	0.00023	-0.00093	0.06856	0.04001	
7.740	0.00022	0.000	0.06986	0.03995	
7.745	0.00023	0.00044	0.06810	0.03990	
7.750	0.00023	-0.00080	0.06785	0.03997	
7.755	0.00024	-0.00046	0.06982	0.04002	
7.760	0.00024	0.00053	0.06889	0.03999	
7.765	0.00023	-0.00045	0.06749	0.04000	
7.770	0.00023	-0.00079	0.06934	0.04000	
7.775	0.00023	0.00045	0.06953	0.03998	
7.780	0.00023	0.000	0.06757	0.03995	
7.785	0.00023	-0.00096	0.06855	0.03999	
7.790	0.00023	0.000	0.06988	0.03996	
7.795	0.00023	0.00040	0.06812	0.03990	
7.800	0.00023	-0.00082	0.06784	0.03994	
7.805	0.00023	-0.00045	0.06983	0.04000	
7.810	0.00023	0.00057	0.06890	0.03996	
7.815	0.00023	-0.00041	0.06750	0.03997	
7.820	0.00023	-0.00080	0.06932	0.03999	
7.825	0.00023	0.00040	0.06954	0.03997	
7.830	0.00023	0.000	0.06759	0.03995	
7.835	0.00023	-0.00093	0.06855	0.04001	
7.840	0.00023	0.000	0.06988	0.04000	
7.845	0.00023	0.00046	0.06814	0.03996	
7.850	0.00023	-0.00077	0.06784	0.04000	
7.855	0.00023	-0.00041	0.06983	0.04001	
7.860	0.00022	0.00061	0.06892	0.03996	
7.865	0.00022	-0.00037	0.06749	0.03996	
7.870	0.00023	-0.00086	0.06933	0.03999	
7.875	0.00022	0.00032	0.06955	0.03997	
7.880	0.00022	0.000	0.06757	0.03996	
7.885	0.00023	-0.00098	0.06852	0.04001	
7.890	0.00023	0.000	0.06988	0.04000	
7.895	0.00023	0.00046	0.06814	0.03994	
7.900	0.00022	-0.00077	0.06782	0.03996	
7.905	0.00022	-0.00043	0.06982	0.03999	
7.910	0.00022	0.00060	0.06892	0.03996	
7.915	0.00022	-0.00037	0.06748	0.03999	
7.920	0.00023	-0.00079	0.06932	0.04003	
7.925	0.00022	0.00043	0.06956	0.03999	
7.930	0.00022	0.00011	0.06756	0.03996	
7.935	0.00023	-0.00095	0.06849	0.04004	
7.940	0.00023	0.000	0.06986	0.04005	
7.945	0.00022	0.00043	0.06813	0.03998	
7.950	0.00022	-0.00080	0.06780	0.04000	
7.955	0.00022	-0.00045	0.06979	0.04003	
7.960	0.00022	0.00058	0.06893	0.03997	
7.965	0.00022	-0.00037	0.06748	0.03999	
7.970	0.00023	-0.00082	0.06930	0.04003	
7.975	0.00023	0.00040	0.06957	0.04002	
7.980	0.00022	0.000	0.06759	0.03999	
7.985	0.00022	-0.00096	0.06850	0.03997	
7.990	0.00023	0.000	0.06988	0.03997	
7.995	0.00022	0.00045	0.06816	0.03996	
8.000	0.00022	-0.00078	0.06782	0.04000	
8.005	0.00022	-0.00048	0.06983	0.04005	
8.010	0.00022	0.00055	0.06895	0.04004	
8.015	0.00022	-0.00039	0.06747	0.04004	
8.020	0.00022	-0.00081	0.06930	0.04006	
8.025	0.00022	0.00040	0.06959	0.04001	
8.030	0.00023	0.00010	0.06761	0.03999	
8.035	0.00022	-0.00093	0.06851	0.04003	
8.040	0.00022	0.000	0.06990	0.04000	
8.045	0.00022	0.00050	0.06817	0.03997	
8.050	0.00022	-0.00076	0.06780	0.04000	
8.055	0.00022	-0.00048	0.06981	0.04001	
8.060	0.00022	0.00056	0.06897	0.03996	
8.065	0.00022	-0.00038	0.06748	0.03997	
8.070	0.00022	-0.00082	0.06929	0.04003	
8.075	0.00023	0.00041	0.06960	0.03999	
8.080	0.00022	0.00012	0.06761	0.03995	
8.085	0.00022	-0.00093	0.06847	0.04002	
8.090	0.00022	0.000	0.06986	0.04001	
8.095	0.00022	0.00049	0.06816	0.03996	
8.100	0.00022	-0.00076	0.06777	0.04001	
8.105	0.00023	-0.00048	0.06978	0.04004	
8.110	0.00023	0.00056	0.06895	0.03997	
8.115	0.00022	-0.00037	0.06745	0.03994	
8.120	0.00022	-0.00081	0.06925	0.03999	
8.125	0.00023	0.00041	0.06957	0.03999	
8.130	0.00023	0.00014	0.06758	0.03998	
8.135	0.00023	-0.00092	0.06845	0.04000	
8.140	0.00023	0.000	0.06988	0.04000	
8.145	0.00022	0.00051	0.06819	0.03995	
8.150	0.00023	-0.00075	0.06779	0.03998	
8.155	0.00023	-0.00051	0.06980	0.04002	
8.160	0.00023	0.00053	0.06898	0.03998	
8.165	0.00022	-0.00039	0.06748	0.03997	
8.170	0.00023	-0.00085	0.06927	0.04000	
8.175	0.00023	0.00037	0.06961	0.03996	
8.180	0.00022	0.00011	0.06762	0.03994	
8.185	0.00023	-0.00095	0.06845	0.04002	
8.190	0.00023	0.000	0.06989	0.04004	
8.195	0.00023	0.00048	0.06821	0.03999	
8.200	0.00023	-0.00076	0.06778	0.04002	
8.205	0.00023	-0.00052	0.06979	0.04004	
8.210	0.00023	0.00054	0.06899	0.03998	
8.215	0.00023	-0.00037	0.06747	0.03995	
8.220	0.00023	-0.00085	0.06923	0.04001	
8.225	0.00023	0.00036	0.06958	0.03999	
8.230	0.00022	0.00011	0.06758	0.03997	
8.235	0.00023	-0.00096	0.06841	0.04000	
8.240	0.00023	0.000	0.06986	0.04002	
8.245	0.00022	0.00049	0.06818	0.03997	
8.250	0.00023	-0.00076	0.06774	0.04001	
8.255	0.00023	-0.00050	0.06976	0.04005	
8.260	0.00023	0.00058	0.06897	0.04001	
8.265	0.00022	-0.00034	0.06745	0.04000	
8.270	0.00023	-0.00084	0.06923	0.04002	
8.275	0.00022	0.00036	0.06962	0.03999	
8.280	0.00022	0.00012	0.06762	0.03997	
8.285	0.00023	-0.00096	0.06843	0.04001	
8.290	0.00023	0.000	0.06990	0.03998	
8.295	0.00023	0.00045	0.06823	0.03995	
8.300	0.00023	-0.00077	0.06776	0.03999	
8.305	0.00023	-0.00052	0.06979	0.04002	
8.310	0.00022	0.00056	0.06901	0.03997	
8.315	0.00022	-0.00035	0.06746	0.03997	
8.320	0.00022	-0.00084	0.06922	0.04001	
8.325	0.00022	0.00037	0.06961	0.03999	
8.330	0.00022	0.00014	0.06761	0.03994	
8.335	0.00023	-0.00096	0.06841	0.04000	
8.340	0.00023	0.000	0.06989	0.04002	
8.345	0.00023	0.00046	0.06824	0.03996	
8.350	0.00023	-0.00075	0.06776	0.04000	
8.355	0.00023	-0.00048	0.06979	0.04001	
8.360	0.00023	0.00060	0.06903	0.03996	
8.365	0.00023	-0.00030	0.06748	0.03997	
8.370	0.00023	-0.00084	0.06923	0.04002	
8.375	0.00023	0.00036	0.06964	0.04000	
8.380	0.00022	0.00014	0.06764	0.03997	
8.385	0.00023	-0.00095	0.06841	0.04002	
8.390	0.00023	0.000	0.06991	0.03999	
8.395	0.00022	0.00049	0.06826	0.03994	
8.400	0.00022	-0.00073	0.06775	0.03997	
8.405	0.00023	-0.00049	0.06978	0.04000	
8.410	0.00022	0.00059	0.06903	0.03996	
8.415	0.00022	-0.00030	0.06746	0.03997	
8.420	0.00023	-0.00083	0.06921	0.04003	
8.425	0.00023	0.00040	0.06964	0.03999	
8.430	0.00023	0.00019	0.06764	0.03996	
8.435	0.00023	-0.00095	0.06840	0.03999	
8.440	0.00023	0.000	0.06990	0.03998	
8.445	0.00023	0.00046	0.06826	0.03996	
8.450	0.00022	-0.00077	0.06774	0.03999	
8.455	0.00023	-0.00054	0.06976	0.04005	
8.460	0.00023	0.00056	0.06903	0.04001	
8.465	0.00022	-0.00031	0.06744	0.03998	
8.470	0.00023	-0.00084	0.06916	0.04000	
8.475	0.00023	0.00038	0.06961	0.04001	
8.480	0.00022	0.00018	0.06762	0.04001	
8.485	0.00022	-0.00095	0.06837	0.04006	
8.490	0.00023	0.000	0.06989	0.04002	
8.495	0.00022	0.00047	0.06825	0.03995	
8.500	0.00022	-0.00074	0.06771	0.03997	
8.505	0.00022	-0.00052	0.06975	0.04001	
8.510	0.00022	0.00058	0.06904	0.03994	
8.515	0.00022	-0.00030	0.06745	0.03995	
8.520	0.00022	-0.00086	0.06917	0.04001	
8.525	0.00022	0.00035	0.06963	0.03998	
8.530	0.00022	0.00017	0.06763	0.03995	
8.535	0.00022	-0.00092	0.06836	0.03999	
8.540	0.00022	0.000	0.06989	0.04001	
8.545	0.00022	0.00055	0.06827	0.03998	
8.550	0.00022	-0.00068	0.06772	0.04000	
8.555	0.00023	-0.00050	0.06976	0.04002	
8.560	0.00023	0.00059	0.06907	0.03998	
8.565	0.00022	-0.00028	0.06745	0.03997	
8.570	0.00023	-0.00085	0.06917	0.04001	
8.575	0.00023	0.00036	0.06965	0.04000	
8.580	0.00023	0.00019	0.06765	0.03996	
8.585	0.00023	-0.00096	0.06836	0.04001	
8.590	0.00023	-0.00012	0.06990	0.04003	
8.595	0.00023	0.00046	0.06829	0.03999	
8.600	0.00023	-0.00075	0.06772	0.04000	
8.605	0.00022	-0.00054	0.06976	0.04005	
8.610	0.00022	0.00058	0.06907	0.04001	
8.615	0.00022	-0.00028	0.06746	0.04000	
8.620	0.00022	-0.00087	0.06916	0.04006	
8.625	0.00023	0.00032	0.06965	0.04004	
8.630	0.00023	0.00015	0.06766	0.04001	
8.635	0.00023	-0.00093	0.06836	0.04003	
8.640	0.00023	0.000	0.06992	0.04005	
8.645	0.00023	0.00058	0.06831	0.04000	
8.650	0.00023	-0.00067	0.06771	0.03999	
8.655	0.00023	-0.00055	0.06976	0.04002	
8.660	0.00022	0.00055	0.06909	0.03999	
8.665	0.00022	-0.00030	0.06747	0.03999	
8.670	0.00022	-0.00086	0.06916	0.04005	
8.675	0.00022	0.00035	0.06968	0.04000	
8.680	0.00022	0.00021	0.06767	0.03996	
8.685	0.00023	-0.00091	0.06834	0.04001	
8.690	0.00022	0.000	0.06992	0.04001	
8.695	0.00022	0.00056	0.06832	0.03994	
8.700	0.00022	-0.00069	0.06770	0.03995	
8.705	0.00022	-0.00059	0.06975	0.04000	
8.710	0.00022	0.00052	0.06910	0.03995	
8.715	0.00022	-0.00033	0.06746	0.03996	
8.720	0.00022	-0.00092	0.06914	0.04001	
8.725	0.00022	0.00029	0.06968	0.03997	
8.730	0.00022	0.00017	0.06768	0.03994	
8.735	0.00022	-0.00093	0.06833	0.03997	
8.740	0.00023	0.000	0.06992	0.03999	
8.745	0.00022	0.00058	0.06833	0.03996	
8.750	0.00022	-0.00067	0.06771	0.04002	
8.755	0.00022	-0.00055	0.06974	0.04004	
8.760	0.00022	0.00056	0.06911	0.04001	
8.765	0.00022	-0.00027	0.06746	0.04002	
8.770	0.00023	-0.00085	0.06914	0.04005	
8.775	0.00023	0.00036	0.06968	0.04001	
8.780	0.00022	0.00024	0.06768	0.03994	
8.785	0.00022	-0.00093	0.06832	0.04001	
8.790	0.00022	-0.00013	0.06991	0.04002	
8.795	0.00022	0.00048	0.06833	0.03996	
8.800	0.00023	-0.00072	0.06769	0.03997	
8.805	0.00023	-0.00057	0.06973	0.03999	
8.810	0.00023	0.00055	0.06912	0.03998	
8.815	0.00022	-0.00028	0.06747	0.04000	
8.820	0.00022	-0.00091	0.06912	0.04003	
8.825	0.00023	0.00026	0.06969	0.03997	
8.830	0.00023	0.00014	0.06771	0.03995	
8.835	0.00022	-0.00096	0.06832	0.04000	
8.840	0.00022	-0.00010	0.06991	0.04001	
8.845	0.00022	0.00054	0.06835	0.03997	
8.850	0.00022	-0.00068	0.06770	0.04000	
8.855	0.00022	-0.00059	0.06972	0.04002	
8.860	0.00022	0.00052	0.06912	0.03998	
8.865	0.00022	-0.00030	0.06746	0.03996	
8.870	0.00023	-0.00089	0.06911	0.04002	
8.875	0.00023	0.00032	0.06969	0.03997	
8.880	0.00022	0.00020	0.06771	0.03995	
8.885	0.00022	-0.00092	0.06830	0.04000	
8.890	0.00023	0.000	0.06991	0.03999	
8.895	0.00022	0.00058	0.06836	0.03994	
8.900	0.00023	-0.00066	0.06767	0.03996	
8.905	0.00022	-0.00060	0.06972	0.03999	
8.910	0.00022	0.00051	0.06913	0.03995	
8.915	0.00022	-0.00030	0.06745	0.03995	
8.920	0.00022	-0.00092	0.06909	0.04000	
8.925	0.00023	0.00028	0.06970	0.03997	
8.930	0.00023	0.00019	0.06771	0.03991	
8.935	0.00022	-0.00093	0.06830	0.03998	
8.940	0.00022	-0.00010	0.06992	0.04001	
8.945	0.00023	0.00057	0.06837	0.03998	
8.950	0.00022	-0.00066	0.06767	0.03998	
8.955	0.00022	-0.00061	0.06971	0.04000	
8.960	0.00022	0.00050	0.06915	0.03997	
8.965	0.00022	-0.00029	0.06747	0.03996	
8.970	0.00022	-0.00090	0.06910	0.04001	
8.975	0.00022	0.00030	0.06971	0.04001	
8.980	0.00022	0.00022	0.06773	0.03993	
8.985	0.00022	-0.00094	0.06828	0.03995	
8.990	0.00022	-0.00014	0.06992	0.03998	
8.995	0.00022	0.00053	0.06840	0.03991	
9.000	0.00022	-0.00067	0.06769	0.03995	
9.005	0.00022	-0.00058	0.06973	0.03999	
9.010	0.00022	0.00056	0.06918	0.03996	
9.015	0.00022	-0.00023	0.06747	0.03995	
9.020	0.00022	-0.00085	0.06909	0.04000	
9.025	0.00022	0.00037	0.06972	0.03994	
9.030	0.00022	0.00032	0.06772	0.03994	
9.035	0.00022	-0.00090	0.06827	0.04001	
9.040	0.00022	-0.00017	0.06992	0.04000	
9.045	0.00022	0.00049	0.06841	0.03994	
9.050	0.00022	-0.00070	0.06766	0.03997	
9.055	0.00023	-0.00060	0.06970	0.04000	
9.060	0.00023	0.00057	0.06916	0.03996	
9.065	0.00022	-0.00022	0.06745	0.03997	
9.070	0.00022	-0.00087	0.06906	0.04003	
9.075	0.00022	0.00032	0.06971	0.03999	
9.080	0.00022	0.00026	0.06772	0.03996	
9.085	0.00022	-0.00091	0.06825	0.04000	
9.090	0.00022	-0.00014	0.06991	0.04000	
9.095	0.00022	0.00054	0.06840	0.03993	
9.100	0.00022	-0.00065	0.06764	0.03996	
9.105	0.00022	-0.00055	0.06969	0.04001	
9.110	0.00022	0.00061	0.06917	0.03998	
9.115	0.00022	-0.00017	0.06744	0.03997	
9.120	0.00022	-0.00090	0.06903	0.04001	
9.125	0.00022	0.00026	0.06971	0.03999	
9.130	0.00022	0.00021	0.06772	0.03994	
9.135	0.00023	-0.00092	0.06823	0.03996	
9.140	0.00023	-0.00012	0.06991	0.03997	
9.145	0.00023	0.00059	0.06841	0.03992	
9.150	0.00022	-0.00062	0.06764	0.03995	
9.155	0.00023	-0.00059	0.06969	0.03997	
9.160	0.00022	0.00056	0.06918	0.03992	
9.165	0.00022	-0.00020	0.06745	0.03990	
9.170	0.00023	-0.00087	0.06905	0.03994	
9.175	0.00023	0.00033	0.06974	0.03995	
9.180	0.00023	0.00030	0.06775	0.03991	
9.185	0.00022	-0.00091	0.06824	0.03996	
9.190	0.00023	-0.00018	0.06992	0.03998	
9.195	0.00022	0.00053	0.06843	0.03993	
9.200	0.00022	-0.00065	0.06764	0.03997	
9.205	0.00023	-0.00057	0.06969	0.04004	
9.210	0.00023	0.00061	0.06921	0.03998	
9.215	0.00022	-0.00015	0.06745	0.03992	
9.220	0.00023	-0.00086	0.06903	0.03996	
9.225	0.00023	0.00032	0.06974	0.03996	
9.230	0.00023	0.00030	0.06775	0.03994	
9.235	0.00022	-0.00089	0.06822	0.04000	
9.240	0.00022	-0.00014	0.06992	0.03998	
9.245	0.00022	0.00057	0.06845	0.03990	
9.250	0.00022	-0.00062	0.06765	0.03991	
9.255	0.00023	-0.00057	0.06969	0.03997	
9.260	0.00023	0.00061	0.06922	0.03992	
9.265	0.00023	-0.00015	0.06746	0.03994	
9.270	0.00022	-0.00084	0.06903	0.04001	
9.275	0.00022	0.00034	0.06976	0.03995	
9.280	0.00022	0.00034	0.06777	0.03990	
9.285	0.00022	-0.00090	0.06823	0.03997	
9.290	0.00022	-0.00020	0.06994	0.03999	
9.295	0.00022	0.00053	0.06847	0.03992	
9.300	0.00022	-0.00063	0.06764	0.03994	
9.305	0.00022	-0.00056	0.06968	0.03997	
9.310	0.00022	0.00062	0.06923	0.03995	
9.315	0.00022	-0.00013	0.06746	0.03994	
9.320	0.00022	-0.00086	0.06902	0.03997	
9.325	0.00023	0.00030	0.06976	0.03995	
9.330	0.00022	0.00031	0.06777	0.03992	
9.335	0.00022	-0.00091	0.06820	0.03996	
9.340	0.00022	-0.00020	0.06992	0.03997	
9.345	0.00022	0.00053	0.06847	0.03993	
9.350	0.00022	-0.00065	0.06763	0.03996	
9.355	0.00023	-0.00060	0.06967	0.04000	
9.360	0.00023	0.00058	0.06924	0.03994	
9.365	0.00022	-0.00016	0.06746	0.03991	
9.370	0.00023	-0.00087	0.06900	0.03996	
9.375	0.00023	0.00033	0.06976	0.03995	
9.380	0.00023	0.00035	0.06778	0.03992	
9.385	0.00022	-0.00087	0.06820	0.03997	
9.390	0.00023	-0.00018	0.06994	0.03997	
9.395	0.00022	0.00055	0.06849	0.03993	
9.400	0.00023	-0.00063	0.06763	0.03995	
9.405	0.00023	-0.00062	0.06966	0.03999	
9.410	0.00022	0.00057	0.06925	0.03996	
9.415	0.00022	-0.00015	0.06746	0.03995	
9.420	0.00022	-0.00093	0.06899	0.04000	
9.425	0.00022	0.00021	0.06977	0.03998	
9.430	0.00022	0.00024	0.06780	0.03994	
9.435	0.00023	-0.00091	0.06819	0.03999	
9.440	0.00023	-0.00015	0.06993	0.03999	
9.445	0.00023	0.00062	0.06851	0.03994	
9.450	0.00023	-0.00058	0.06763	0.03996	
9.455	0.00022	-0.00063	0.06966	0.03999	
9.460	0.00022	0.00054	0.06926	0.03997	
9.465	0.00023	-0.00017	0.06747	0.03997	
9.470	0.00023	-0.00091	0.06897	0.04000	
9.475	0.00023	0.00026	0.06977	0.03997	
9.480	0.00023	0.00030	0.06780	0.03992	
9.485	0.00022	-0.00088	0.06818	0.03995	
9.490	0.00023	-0.00016	0.06993	0.03997	
9.495	0.00022	0.00061	0.06852	0.03993	
9.500	0.00022	-0.00059	0.06762	0.03997	
9.505	0.00023	-0.00065	0.06964	0.04000	
9.510	0.00022	0.00053	0.06926	0.03996	
9.515	0.00022	-0.00017	0.06747	0.03993	
9.520	0.00022	-0.00091	0.06897	0.03997	
9.525	0.00022	0.00026	0.06978	0.03996	
9.530	0.00022	0.00031	0.06781	0.03993	
9.535	0.00022	-0.00090	0.06816	0.03997	
9.540	0.00022	-0.00019	0.06992	0.03997	
9.545	0.00023	0.00059	0.06852	0.03992	
9.550	0.00022	-0.00059	0.06761	0.03994	
9.555	0.00023	-0.00066	0.06964	0.03997	
9.560	0.00023	0.00052	0.06927	0.03996	
9.565	0.00022	-0.00018	0.06747	0.03994	
9.570	0.00022	-0.00090	0.06895	0.04000	
9.575	0.00023	0.00028	0.06978	0.03996	
9.580	0.00022	0.00035	0.06782	0.03994	
9.585	0.00023	-0.00090	0.06816	0.03996	
9.590	0.00023	-0.00025	0.06993	0.03994	
9.595	0.00023	0.00051	0.06854	0.03991	
9.600	0.00023	-0.00065	0.06762	0.03995	
9.605	0.00023	-0.00066	0.06965	0.03999	
9.610	0.00023	0.00054	0.06929	0.03995	
9.615	0.00022	-0.00014	0.06748	0.03996	
9.620	0.00023	-0.00090	0.06896	0.04001	
9.625	0.00023	0.00026	0.06980	0.03996	
9.630	0.00023	0.00033	0.06783	0.03994	
9.635	0.00022	-0.00087	0.06816	0.03997	
9.640	0.00023	-0.00018	0.06992	0.03996	
9.645	0.00022	0.00061	0.06854	0.03993	
9.650	0.00022	-0.00056	0.06761	0.03998	
9.655	0.00023	-0.00062	0.06964	0.04001	
9.660	0.00023	0.00058	0.06930	0.03996	
9.665	0.00023	-0.00011	0.06748	0.03998	
9.670	0.00023	-0.00088	0.06894	0.04002	
9.675	0.00023	0.00027	0.06979	0.04000	
9.680	0.00022	0.00035	0.06783	0.03994	
9.685	0.00023	-0.00088	0.06815	0.03998	
9.690	0.00023	-0.00024	0.06993	0.03999	
9.695	0.00023	0.00054	0.06857	0.03992	
9.700	0.00023	-0.00060	0.06761	0.03993	
9.705	0.00023	-0.00063	0.06963	0.03998	
9.710	0.00023	0.00059	0.06931	0.03995	
9.715	0.00022	0.000	0.06748	0.03993	
9.720	0.00022	-0.00093	0.06893	0.03997	
9.725	0.00023	0.00019	0.06980	0.03995	
9.730	0.00022	0.00027	0.06783	0.03991	
9.735	0.00022	-0.00090	0.06812	0.03997	
9.740	0.00022	-0.00018	0.06992	0.03999	
9.745	0.00023	0.00064	0.06856	0.03992	
9.750	0.00022	-0.00054	0.06759	0.03993	
9.755	0.00023	-0.00065	0.06962	0.03998	
9.760	0.00023	0.00053	0.06932	0.03996	
9.765	0.00023	-0.00012	0.06748	0.03994	
9.770	0.00022	-0.00090	0.06890	0.03999	
9.775	0.00022	0.00026	0.06978	0.03998	
9.780	0.00022	0.00036	0.06783	0.03995	
9.785	0.00023	-0.00087	0.06811	0.03999	
9.790	0.00023	-0.00024	0.06992	0.03998	
9.795	0.00022	0.00057	0.06857	0.03992	
9.800	0.00022	-0.00058	0.06759	0.03995	
9.805	0.00022	-0.00064	0.06961	0.03999	
9.810	0.00022	0.00058	0.06932	0.03995	
9.815	0.00022	0.000	0.06747	0.03995	
9.820	0.00023	-0.00089	0.06889	0.04000	
9.825	0.00023	0.00026	0.06979	0.03997	
9.830	0.00022	0.00037	0.06784	0.03992	
9.835	0.00022	-0.00087	0.06810	0.03997	
9.840	0.00022	-0.00023	0.06991	0.04000	
9.845	0.00022	0.00059	0.06857	0.03994	
9.850	0.00022	-0.00055	0.06757	0.03996	
9.855	0.00022	-0.00061	0.06960	0.04000	
9.860	0.00023	0.00060	0.06933	0.03996	
9.865	0.00023	0.000	0.06746	0.03994	
9.870	0.00023	-0.00092	0.06888	0.03999	
9.875	0.00022	0.00017	0.06980	0.03995	
9.880	0.00022	0.00030	0.06784	0.03992	
9.885	0.00022	-0.00089	0.06809	0.03996	
9.890	0.00023	-0.00023	0.06991	0.03996	
9.895	0.00023	0.00061	0.06859	0.03992	
9.900	0.00022	-0.00054	0.06757	0.03993	
9.905	0.00023	-0.00065	0.06959	0.03996	
9.910	0.00023	0.00055	0.06934	0.03992	
9.915	0.00022	0.000	0.06749	0.03992	
9.920	0.00022	-0.00090	0.06888	0.04000	
9.925	0.00022	0.00023	0.06981	0.03996	
9.930	0.00022	0.00037	0.06787	0.03992	
9.935	0.00022	-0.00085	0.06810	0.03998	
9.940	0.00022	-0.00020	0.06992	0.03999	
9.945	0.00022	0.00065	0.06862	0.03996	
9.950	0.00022	-0.00051	0.06759	0.03995	
9.955	0.00022	-0.00065	0.06959	0.03997	
9.960	0.00022	0.00054	0.06934	0.03993	
9.965	0.00022	0.000	0.06747	0.03992	
9.970	0.00022	-0.00093	0.06886	0.03996	
9.975	0.00023	0.00018	0.06980	0.03993	
9.980	0.00022	0.00032	0.06786	0.03992	
9.985	0.00022	-0.00087	0.06806	0.03996	
9.990	0.00022	-0.00022	0.06991	0.03996	
9.995	0.00022	0.00065	0.06861	0.03994	